34,1600,32.0,12.0,10000.0,1.0;42,2250,45.0,19.0,11300.0,2.0;25,1906,43.0,7.0,9000.0,3.0;52,2663,51.0,34.0,22000.0,3.0;39,2110,49.0,21.0,23500.0,3.0;35,1972,49.0,8.0,11300.0,3.0
32,520,13.0,14.0,9095.0,2.0;42,2400,50.0,24.0,17832.0,2.0;49,1560,39.0,31.0,19000.0,2.0;46,2450,49.0,28.0,51000.0,2.0;33,3171,51.0,10.0,20663.0,3.0;25,2002,51.0,7.0,7823.0,3.0
30,2410,48.0,12.0,20500.0,1.0;53,2258,50.0,35.0,26525.0,3.0;31,1920,47.0,8.0,31670.0,2.0;54,816,0.0,7.0,2000.0,2.0;25,2958,51.0,7.0,21000.0,4.0;27,312,16.0,5.0,2000.0,2.0
41,1746,47.0,23.0,22000.0,1.0;27,1904,47.0,6.0,12000.0,1.0;31,2268,49.0,11.0,25000.0,3.0;43,1240,31.0,25.0,6000.0,2.0;33,1548,52.0,14.0,20000.0,4.0;25,1880,47.0,7.0,10192.0,1.0
32,2752,50.0,13.0,23000.0,3.0;30,1952,40.0,12.0,18000.0,3.0;42,2300,50.0,24.0,22000.0,3.0;28,2078,49.0,10.0,10400.0,4.0;50,2040,51.0,32.0,30000.0,2.0;30,1673,47.0,12.0,15000.0,1.0
28,3028,50.0,9.0,10100.0,3.0;37,2304,48.0,19.0,16000.0,3.0;28,2000,49.0,9.0,16000.0,3.0;40,2233,47.0,21.0,23000.0,2.0;33,1868,47.0,14.0,8000.0,3.0;50,1110,37.0,23.0,23000.0,1.0
31,2778,50.0,13.0,21000.0,3.0;28,2550,51.0,8.0,18400.0,3.0;52,2461,49.0,34.0,27500.0,3.0;42,3180,48.0,23.0,27624.0,2.0;58,2000,50.0,37.0,7920.0,3.0;47,2080,52.0,5.0,7620.0,3.0
36,2419,46.0,17.0,20270.0,1.0;57,1320,33.0,39.0,14000.0,1.0;27,2241,48.0,9.0,20000.0,3.0;25,3518,47.0,7.0,17000.0,3.0;56,1840,48.0,30.0,11700.0,1.0;52,1944,47.0,29.0,13000.0,2.0
31,1710,29.0,13.0,11000.0,2.0;36,1992,46.0,18.0,27147.0,2.0;32,2886,51.0,14.0,22700.0,2.0;28,2000,0.0,10.0,5100.0,3.0;35,1944,49.0,15.0,24000.0,2.0;25,1944,49.0,7.0,9000.0,2.0
37,3104,48.0,19.0,31000.0,3.0;39,1163,47.0,21.0,40000.0,2.0;25,1600,40.0,7.0,10000.0,3.0;26,1560,39.0,7.0,11200.0,3.0;34,1579,39.0,14.0,20037.0,1.0;52,1236,52.0,21.0,9000.0,4.0
55,1920,48.0,37.0,29000.0,4.0;27,2572,51.0,9.0,12000.0,4.0;34,2000,50.0,16.0,19542.0,3.0;59,1939,40.0,41.0,20000.0,2.0;30,4080,50.0,8.0,16600.0,3.0;58,1790,43.0,33.0,8300.0,3.0
29,1920,48.0,11.0,19000.0,4.0;40,2100,50.0,22.0,16000.0,3.0;27,1867,50.0,3.0,11000.0,2.0;46,1476,49.0,24.0,18000.0,3.0;30,1632,34.0,11.0,17317.0,2.0;28,1920,48.0,10.0,8640.0,2.0
37,2544,47.0,19.0,15500.0,2.0;38,2730,45.0,20.0,39580.0,2.0;25,1995,47.0,7.0,20000.0,4.0;28,3185,49.0,9.0,34000.0,3.0;51,3000,50.0,33.0,19240.0,3.0;36,1980,51.0,18.0,17665.0,3.0
60,1886,45.0,38.0,23200.0,4.0;63,1350,0.0,45.0,8900.0,3.0;31,1920,45.0,13.0,13100.0,3.0;29,2100,50.0,11.0,14000.0,3.0;35,2600,52.0,17.0,35000.0,3.0;32,1544,38.0,12.0,6658.0,3.0
32,1672,42.0,14.0,14700.0,3.0;43,3000,50.0,25.0,55000.0,3.0;39,1920,48.0,21.0,25050.0,3.0;54,2142,51.0,35.0,9000.0,3.0;43,4500,50.0,25.0,70000.0,3.0;29,1828,46.0,7.0,12000.0,3.0
39,2333,48.0,20.0,28000.0,4.0;62,2050,41.0,44.0,30000.0,1.0;47,2070,46.0,29.0,21000.0,1.0;38,1040,26.0,20.0,8480.0,2.0;55,2064,50.0,36.0,23000.0,1.0;61,2000,50.0,15.0,5000.0,3.0
43,1040,13.0,16.0,3500.0,4.0;37,1936,48.0,19.0,15000.0,3.0;26,3060,51.0,8.0,28415.0,4.0;28,2080,52.0,9.0,9000.0,3.0;50,1910,47.0,31.0,24357.0,3.0;30,960,24.0,12.0,3250.0,2.0
50,1816,45.0,32.0,8000.0,3.0;36,1912,47.0,18.0,11000.0,3.0;51,2385,48.0,28.0,51000.0,1.0;30,2450,49.0,11.0,30000.0,3.0;28,2024,46.0,8.0,26500.0,2.0;35,1536,38.0,13.0,17000.0,2.0
59,1868,47.0,41.0,19403.0,3.0;52,2083,50.0,31.0,8000.0,3.0;29,2242,50.0,11.0,28000.0,2.0;63,2496,52.0,37.0,45000.0,2.0;48,726,17.0,29.0,14000.0,2.0;36,1751,42.0,8.0,5516.0,3.0
27,2000,50.0,9.0,9000.0,3.0;61,1960,49.0,43.0,16000.0,2.0;25,1736,43.0,7.0,9806.0,3.0;48,1920,48.0,23.0,8000.0,3.0;46,1760,44.0,28.0,14200.0,2.0;30,716,18.0,12.0,7500.0,2.0
51,2090,51.0,33.0,16000.0,1.0;57,1849,52.0,38.0,8000.0,1.0;27,2948,47.0,8.0,23000.0,1.0;53,2112,48.0,34.0,44500.0,4.0;29,1880,47.0,10.0,5207.0,3.0;34,1386,40.0,9.0,14000.0,3.0
53,2205,49.0,31.0,23500.0,4.0;34,2225,48.0,14.0,33250.0,2.0;27,2500,50.0,8.0,15000.0,3.0;31,2584,49.0,13.0,11000.0,3.0;59,1692,42.0,41.0,12690.0,3.0;28,1964,47.0,10.0,12000.0,1.0
56,2400,46.0,34.0,28000.0,3.0;28,2320,46.0,10.0,15200.0,1.0;44,1864,47.0,23.0,22280.0,2.0;54,1680,42.0,36.0,28700.0,4.0;32,2016,48.0,14.0,10600.0,3.0;26,2040,49.0,8.0,15000.0,2.0
48,2090,47.0,30.0,25000.0,1.0;27,1920,48.0,8.0,9808.0,1.0;33,2728,50.0,12.0,14314.0,3.0;64,1322,41.0,42.0,5000.0,3.0;25,3250,50.0,7.0,15000.0,3.0;31,1920,48.0,12.0,8000.0,3.0
27,1848,43.0,9.0,24000.0,4.0;26,1840,46.0,6.0,17000.0,4.0;32,2180,47.0,10.0,35500.0,3.0;46,2040,51.0,28.0,9000.0,3.0;35,2800,48.0,17.0,22000.0,3.0;52,760,38.0,30.0,5250.0,1.0
42,1640,33.0,17.0,20661.0,1.0;50,2080,50.0,32.0,15000.0,4.0;51,1920,48.0,33.0,25500.0,2.0;35,2304,38.0,17.0,16000.0,2.0;28,1888,47.0,10.0,20000.0,3.0;43,1960,49.0,25.0,8200.0,3.0
50,2011,49.0,30.0,8293.0,3.0;55,2000,50.0,20.0,5000.0,3.0;33,1912,48.0,10.0,25000.0,2.0;37,2621,49.0,19.0,19500.0,4.0;26,2856,52.0,8.0,24000.0,3.0;57,1837,49.0,37.0,6018.0,1.0
57,1960,47.0,39.0,24000.0,3.0;33,3700,49.0,15.0,33000.0,1.0;38,2880,48.0,20.0,34000.0,2.0;58,1890,42.0,34.0,25900.0,2.0;28,3120,52.0,9.0,10000.0,4.0;48,2000,50.0,10.0,9000.0,3.0
28,172,4.0,10.0,700.0,3.0;28,1680,42.0,10.0,5025.0,3.0;27,2263,49.0,9.0,13000.0,1.0;27,1380,23.0,8.0,7500.0,2.0;60,1920,48.0,42.0,39600.0,2.0;33,1852,39.0,15.0,6880.0,3.0
46,2806,35.0,28.0,15936.0,2.0;54,1460,34.0,36.0,21500.0,1.0;53,1745,47.0,35.0,65000.0,1.0;39,1960,49.0,20.0,19000.0,3.0;27,320,8.0,3.0,3200.0,2.0;26,1584,40.0,7.0,5900.0,3.0
27,2420,48.0,9.0,18300.0,4.0;45,2020,48.0,17.0,23000.0,1.0;47,1222,29.0,28.0,7140.0,3.0;26,2256,48.0,8.0,29120.0,3.0;30,2009,48.0,12.0,26000.0,4.0;33,1380,35.0,15.0,16560.0,4.0
60,3852,47.0,42.0,26000.0,2.0;63,1736,43.0,44.0,5000.0,3.0;41,2988,50.0,23.0,21000.0,3.0;29,2165,49.0,11.0,28000.0,3.0;39,2805,51.0,21.0,34000.0,3.0;31,911,51.0,8.0,3400.0,3.0
30,1956,48.0,12.0,10000.0,3.0;27,2480,50.0,9.0,29000.0,2.0;47,1400,35.0,28.0,7000.0,3.0;33,1956,47.0,15.0,11300.0,3.0;34,2202,48.0,16.0,25000.0,2.0;31,1542,50.0,9.0,11622.0,1.0
59,1560,44.0,41.0,22000.0,1.0;34,2044,50.0,14.0,16200.0,3.0;61,1920,48.0,43.0,21000.0,1.0;44,3120,52.0,26.0,12000.0,3.0;25,2030,50.0,6.0,17747.0,1.0;36,1020,51.0,5.0,11000.0,3.0
54,1984,50.0,25.0,22600.0,2.0;47,1960,49.0,29.0,18000.0,2.0;28,1818,40.0,10.0,18000.0,3.0;30,1600,40.0,8.0,6500.0,3.0;59,2080,52.0,41.0,15000.0,1.0;33,480,12.0,9.0,4200.0,3.0
37,2210,52.0,18.0,17000.0,3.0;45,2490,50.0,27.0,89000.0,4.0;57,2100,51.0,37.0,9000.0,3.0;39,2314,49.0,21.0,12000.0,3.0;31,2228,52.0,13.0,12000.0,3.0;32,1536,38.0,11.0,6900.0,3.0
26,2750,51.0,8.0,8000.0,3.0;27,2075,50.0,9.0,15000.0,3.0;52,2035,37.0,34.0,15749.0,4.0;55,2727,51.0,37.0,21934.0,3.0;33,1800,36.0,15.0,22000.0,2.0;57,1600,40.0,20.0,10400.0,2.0
37,2044,47.0,19.0,18500.0,3.0;56,1840,46.0,38.0,16492.0,3.0;27,1819,43.0,9.0,16000.0,3.0;27,1955,46.0,8.0,10015.0,3.0;32,2000,49.0,14.0,32552.0,4.0;54,1960,49.0,15.0,12000.0,3.0
34,2860,52.0,9.0,9000.0,4.0;51,2450,49.0,33.0,36000.0,1.0;29,2000,50.0,11.0,9700.0,3.0;31,2058,49.0,13.0,23000.0,4.0;37,2258,48.0,19.0,5000.0,3.0;55,2000,50.0,25.0,14571.0,4.0
34,2000,50.0,14.0,15000.0,3.0;43,2802,44.0,25.0,15099.0,3.0;48,1949,44.0,30.0,18800.0,1.0;30,2520,50.0,6.0,23500.0,2.0;40,2241,50.0,22.0,14137.0,3.0;25,705,47.0,6.0,11000.0,1.0
27,2850,48.0,9.0,30000.0,1.0;30,2000,50.0,11.0,15000.0,3.0;32,2494,49.0,13.0,18508.0,3.0;27,1920,48.0,9.0,8600.0,3.0;37,2117,50.0,19.0,9000.0,3.0;29,2100,45.0,9.0,20000.0,4.0
27,2223,49.0,9.0,26000.0,2.0;52,1960,49.0,34.0,46000.0,2.0;54,1040,26.0,36.0,3000.0,3.0;25,1920,48.0,7.0,11300.0,3.0;35,1972,47.0,17.0,18070.0,4.0;32,1344,38.0,11.0,4500.0,3.0
26,2000,50.0,8.0,11000.0,3.0;38,2496,47.0,20.0,26000.0,2.0;33,2107,49.0,15.0,24900.0,3.0;28,2000,50.0,8.0,12000.0,2.0;25,2250,45.0,7.0,21000.0,3.0;27,2350,47.0,9.0,16000.0,1.0
27,2080,52.0,9.0,14000.0,3.0;29,2107,49.0,11.0,30000.0,3.0;28,1920,48.0,10.0,21000.0,4.0;33,2160,48.0,15.0,6000.0,2.0;26,2550,51.0,8.0,9980.0,3.0;42,1445,49.0,9.0,7000.0,3.0
26,2034,50.0,7.0,14000.0,2.0;50,1980,49.0,30.0,16640.0,1.0;28,1881,49.0,10.0,12000.0,3.0;33,2223,49.0,13.0,12445.0,2.0;25,1120,32.0,5.0,2500.0,4.0;49,1938,50.0,6.0,6000.0,1.0
27,3000,50.0,9.0,49860.0,2.0;33,2568,50.0,15.0,13960.0,3.0;27,2000,50.0,9.0,8000.0,3.0;33,1824,46.0,13.0,36000.0,2.0;37,2450,49.0,17.0,36000.0,4.0;27,1426,40.0,9.0,11500.0,3.0
25,1368,34.0,5.0,6000.0,3.0;58,2072,47.0,33.0,19650.0,4.0;26,1670,35.0,7.0,19000.0,4.0;25,2225,45.0,7.0,13292.0,1.0;45,2184,52.0,27.0,19707.0,3.0;31,1464,37.0,10.0,15800.0,3.0
40,1584,50.0,17.0,29000.0,1.0;28,3000,50.0,10.0,19000.0,2.0;30,1960,49.0,8.0,30000.0,3.0;48,2111,50.0,23.0,18800.0,3.0;36,1750,50.0,18.0,28050.0,4.0;33,1260,35.0,15.0,13000.0,2.0
38,2120,51.0,20.0,21000.0,3.0;37,2018,50.0,19.0,27000.0,2.0;25,1820,52.0,7.0,6000.0,2.0;47,2000,50.0,29.0,10800.0,3.0;34,2428,48.0,16.0,5015.0,3.0;33,2891,49.0,13.0,15600.0,3.0
48,1360,34.0,30.0,19000.0,2.0;57,1968,49.0,39.0,10500.0,4.0;30,2000,50.0,12.0,10200.0,3.0;37,2056,48.0,18.0,24761.0,1.0;50,2091,47.0,32.0,23000.0,2.0;26,2180,47.0,8.0,11445.0,4.0
42,2250,45.0,19.0,11300.0,2.0;25,1906,43.0,7.0,9000.0,3.0;52,2663,51.0,34.0,22000.0,3.0;39,2110,49.0,21.0,23500.0,3.0;35,1972,49.0,8.0,11300.0,3.0;28,1968,49.0,8.0,9078.0,3.0
42,2400,50.0,24.0,17832.0,2.0;49,1560,39.0,31.0,19000.0,2.0;46,2450,49.0,28.0,51000.0,2.0;33,3171,51.0,10.0,20663.0,3.0;25,2002,51.0,7.0,7823.0,3.0;52,2268,47.0,30.0,5436.0,1.0
53,2258,50.0,35.0,26525.0,3.0;31,1920,47.0,8.0,31670.0,2.0;54,816,0.0,7.0,2000.0,2.0;25,2958,51.0,7.0,21000.0,4.0;27,312,16.0,5.0,2000.0,2.0;63,950,47.0,25.0,5000.0,3.0
27,1904,47.0,6.0,12000.0,1.0;31,2268,49.0,11.0,25000.0,3.0;43,1240,31.0,25.0,6000.0,2.0;33,1548,52.0,14.0,20000.0,4.0;25,1880,47.0,7.0,10192.0,1.0;35,2286,51.0,6.0,7000.0,3.0
30,1952,40.0,12.0,18000.0,3.0;42,2300,50.0,24.0,22000.0,3.0;28,2078,49.0,10.0,10400.0,4.0;50,2040,51.0,32.0,30000.0,2.0;30,1673,47.0,12.0,15000.0,1.0;35,1640,41.0,11.0,7609.0,3.0
37,2304,48.0,19.0,16000.0,3.0;28,2000,49.0,9.0,16000.0,3.0;40,2233,47.0,21.0,23000.0,2.0;33,1868,47.0,14.0,8000.0,3.0;50,1110,37.0,23.0,23000.0,1.0;52,336,42.0,34.0,3600.0,4.0
28,2550,51.0,8.0,18400.0,3.0;52,2461,49.0,34.0,27500.0,3.0;42,3180,48.0,23.0,27624.0,2.0;58,2000,50.0,37.0,7920.0,3.0;47,2080,52.0,5.0,7620.0,3.0;33,2397,51.0,12.0,10622.0,3.0
57,1320,33.0,39.0,14000.0,1.0;27,2241,48.0,9.0,20000.0,3.0;25,3518,47.0,7.0,17000.0,3.0;56,1840,48.0,30.0,11700.0,1.0;52,1944,47.0,29.0,13000.0,2.0;30,1400,35.0,7.0,12000.0,4.0
36,1992,46.0,18.0,27147.0,2.0;32,2886,51.0,14.0,22700.0,2.0;28,2000,0.0,10.0,5100.0,3.0;35,1944,49.0,15.0,24000.0,2.0;25,1944,49.0,7.0,9000.0,2.0;29,2160,45.0,11.0,8000.0,3.0
39,1163,47.0,21.0,40000.0,2.0;25,1600,40.0,7.0,10000.0,3.0;26,1560,39.0,7.0,11200.0,3.0;34,1579,39.0,14.0,20037.0,1.0;52,1236,52.0,21.0,9000.0,4.0;46,1939,48.0,25.0,9900.0,3.0
27,2572,51.0,9.0,12000.0,4.0;34,2000,50.0,16.0,19542.0,3.0;59,1939,40.0,41.0,20000.0,2.0;30,4080,50.0,8.0,16600.0,3.0;58,1790,43.0,33.0,8300.0,3.0;27,1396,35.0,7.0,6000.0,3.0
40,2100,50.0,22.0,16000.0,3.0;27,1867,50.0,3.0,11000.0,2.0;46,1476,49.0,24.0,18000.0,3.0;30,1632,34.0,11.0,17317.0,2.0;28,1920,48.0,10.0,8640.0,2.0;38,898,22.0,15.0,5334.0,3.0
38,2730,45.0,20.0,39580.0,2.0;25,1995,47.0,7.0,20000.0,4.0;28,3185,49.0,9.0,34000.0,3.0;51,3000,50.0,33.0,19240.0,3.0;36,1980,51.0,18.0,17665.0,3.0;38,2500,50.0,18.0,22800.0,3.0
63,1350,0.0,45.0,8900.0,3.0;31,1920,45.0,13.0,13100.0,3.0;29,2100,50.0,11.0,14000.0,3.0;35,2600,52.0,17.0,35000.0,3.0;32,1544,38.0,12.0,6658.0,3.0;58,1295,32.0,36.0,12630.0,4.0
43,3000,50.0,25.0,55000.0,3.0;39,1920,48.0,21.0,25050.0,3.0;54,2142,51.0,35.0,9000.0,3.0;43,4500,50.0,25.0,70000.0,3.0;29,1828,46.0,7.0,12000.0,3.0;58,1940,48.0,40.0,6000.0,3.0
62,2050,41.0,44.0,30000.0,1.0;47,2070,46.0,29.0,21000.0,1.0;38,1040,26.0,20.0,8480.0,2.0;55,2064,50.0,36.0,23000.0,1.0;61,2000,50.0,15.0,5000.0,3.0;27,760,38.0,5.0,3000.0,3.0
37,1936,48.0,19.0,15000.0,3.0;26,3060,51.0,8.0,28415.0,4.0;28,2080,52.0,9.0,9000.0,3.0;50,1910,47.0,31.0,24357.0,3.0;30,960,24.0,12.0,3250.0,2.0;44,2050,50.0,6.0,10000.0,4.0
36,1912,47.0,18.0,11000.0,3.0;51,2385,48.0,28.0,51000.0,1.0;30,2450,49.0,11.0,30000.0,3.0;28,2024,46.0,8.0,26500.0,2.0;35,1536,38.0,13.0,17000.0,2.0;29,528,8.0,10.0,3273.0,1.0
52,2083,50.0,31.0,8000.0,3.0;29,2242,50.0,11.0,28000.0,2.0;63,2496,52.0,37.0,45000.0,2.0;48,726,17.0,29.0,14000.0,2.0;36,1751,42.0,8.0,5516.0,3.0;43,2117,50.0,11.0,6000.0,3.0
61,1960,49.0,43.0,16000.0,2.0;25,1736,43.0,7.0,9806.0,3.0;48,1920,48.0,23.0,8000.0,3.0;46,1760,44.0,28.0,14200.0,2.0;30,716,18.0,12.0,7500.0,2.0;28,200,5.0,9.0,500.0,4.0
57,1849,52.0,38.0,8000.0,1.0;27,2948,47.0,8.0,23000.0,1.0;53,2112,48.0,34.0,44500.0,4.0;29,1880,47.0,10.0,5207.0,3.0;34,1386,40.0,9.0,14000.0,3.0;41,700,18.0,23.0,2070.0,3.0
34,2225,48.0,14.0,33250.0,2.0;27,2500,50.0,8.0,15000.0,3.0;31,2584,49.0,13.0,11000.0,3.0;59,1692,42.0,41.0,12690.0,3.0;28,1964,47.0,10.0,12000.0,1.0;41,1363,30.0,15.0,17000.0,1.0
28,2320,46.0,10.0,15200.0,1.0;44,1864,47.0,23.0,22280.0,2.0;54,1680,42.0,36.0,28700.0,4.0;32,2016,48.0,14.0,10600.0,3.0;26,2040,49.0,8.0,15000.0,2.0;47,1468,34.0,25.0,8356.0,4.0
27,1920,48.0,8.0,9808.0,1.0;33,2728,50.0,12.0,14314.0,3.0;64,1322,41.0,42.0,5000.0,3.0;25,3250,50.0,7.0,15000.0,3.0;31,1920,48.0,12.0,8000.0,3.0;46,1600,50.0,15.0,6500.0,3.0
26,1840,46.0,6.0,17000.0,4.0;32,2180,47.0,10.0,35500.0,3.0;46,2040,51.0,28.0,9000.0,3.0;35,2800,48.0,17.0,22000.0,3.0;52,760,38.0,30.0,5250.0,1.0;49,600,24.0,5.0,1500.0,2.0
50,2080,50.0,32.0,15000.0,4.0;51,1920,48.0,33.0,25500.0,2.0;35,2304,38.0,17.0,16000.0,2.0;28,1888,47.0,10.0,20000.0,3.0;43,1960,49.0,25.0,8200.0,3.0;27,1182,30.0,7.0,7500.0,3.0
55,2000,50.0,20.0,5000.0,3.0;33,1912,48.0,10.0,25000.0,2.0;37,2621,49.0,19.0,19500.0,4.0;26,2856,52.0,8.0,24000.0,3.0;57,1837,49.0,37.0,6018.0,1.0;52,1265,51.0,18.0,5700.0,4.0
33,3700,49.0,15.0,33000.0,1.0;38,2880,48.0,20.0,34000.0,2.0;58,1890,42.0,34.0,25900.0,2.0;28,3120,52.0,9.0,10000.0,4.0;48,2000,50.0,10.0,9000.0,3.0;27,1905,45.0,9.0,20500.0,2.0
28,1680,42.0,10.0,5025.0,3.0;27,2263,49.0,9.0,13000.0,1.0;27,1380,23.0,8.0,7500.0,2.0;60,1920,48.0,42.0,39600.0,2.0;33,1852,39.0,15.0,6880.0,3.0;26,1960,49.0,6.0,5000.0,3.0
54,1460,34.0,36.0,21500.0,1.0;53,1745,47.0,35.0,65000.0,1.0;39,1960,49.0,20.0,19000.0,3.0;27,320,8.0,3.0,3200.0,2.0;26,1584,40.0,7.0,5900.0,3.0;35,1649,47.0,14.0,19476.0,1.0
45,2020,48.0,17.0,23000.0,1.0;47,1222,29.0,28.0,7140.0,3.0;26,2256,48.0,8.0,29120.0,3.0;30,2009,48.0,12.0,26000.0,4.0;33,1380,35.0,15.0,16560.0,4.0;46,1976,49.0,11.0,7117.0,3.0
63,1736,43.0,44.0,5000.0,3.0;41,2988,50.0,23.0,21000.0,3.0;29,2165,49.0,11.0,28000.0,3.0;39,2805,51.0,21.0,34000.0,3.0;31,911,51.0,8.0,3400.0,3.0;36,2205,49.0,14.0,10800.0,3.0
27,2480,50.0,9.0,29000.0,2.0;47,1400,35.0,28.0,7000.0,3.0;33,1956,47.0,15.0,11300.0,3.0;34,2202,48.0,16.0,25000.0,2.0;31,1542,50.0,9.0,11622.0,1.0;43,1155,42.0,15.0,8975.0,1.0
34,2044,50.0,14.0,16200.0,3.0;61,1920,48.0,43.0,21000.0,1.0;44,3120,52.0,26.0,12000.0,3.0;25,2030,50.0,6.0,17747.0,1.0;36,1020,51.0,5.0,11000.0,3.0;34,144,16.0,2.0,600.0,4.0
47,1960,49.0,29.0,18000.0,2.0;28,1818,40.0,10.0,18000.0,3.0;30,1600,40.0,8.0,6500.0,3.0;59,2080,52.0,41.0,15000.0,1.0;33,480,12.0,9.0,4200.0,3.0;32,1093,49.0,11.0,5000.0,4.0
45,2490,50.0,27.0,89000.0,4.0;57,2100,51.0,37.0,9000.0,3.0;39,2314,49.0,21.0,12000.0,3.0;31,2228,52.0,13.0,12000.0,3.0;32,1536,38.0,11.0,6900.0,3.0;26,1040,52.0,7.0,6600.0,4.0
27,2075,50.0,9.0,15000.0,3.0;52,2035,37.0,34.0,15749.0,4.0;55,2727,51.0,37.0,21934.0,3.0;33,1800,36.0,15.0,22000.0,2.0;57,1600,40.0,20.0,10400.0,2.0;37,1260,36.0,4.0,5500.0,3.0
56,1840,46.0,38.0,16492.0,3.0;27,1819,43.0,9.0,16000.0,3.0;27,1955,46.0,8.0,10015.0,3.0;32,2000,49.0,14.0,32552.0,4.0;54,1960,49.0,15.0,12000.0,3.0;35,1912,47.0,14.0,20174.0,1.0
51,2450,49.0,33.0,36000.0,1.0;29,2000,50.0,11.0,9700.0,3.0;31,2058,49.0,13.0,23000.0,4.0;37,2258,48.0,19.0,5000.0,3.0;55,2000,50.0,25.0,14571.0,4.0;25,2056,51.0,7.0,7500.0,2.0
43,2802,44.0,25.0,15099.0,3.0;48,1949,44.0,30.0,18800.0,1.0;30,2520,50.0,6.0,23500.0,2.0;40,2241,50.0,22.0,14137.0,3.0;25,705,47.0,6.0,11000.0,1.0;31,1365,39.0,12.0,5196.0,3.0
30,2000,50.0,11.0,15000.0,3.0;32,2494,49.0,13.0,18508.0,3.0;27,1920,48.0,9.0,8600.0,3.0;37,2117,50.0,19.0,9000.0,3.0;29,2100,45.0,9.0,20000.0,4.0;29,1992,50.0,11.0,8000.0,4.0
52,1960,49.0,34.0,46000.0,2.0;54,1040,26.0,36.0,3000.0,3.0;25,1920,48.0,7.0,11300.0,3.0;35,1972,47.0,17.0,18070.0,4.0;32,1344,38.0,11.0,4500.0,3.0;26,1936,48.0,8.0,15000.0,2.0
38,2496,47.0,20.0,26000.0,2.0;33,2107,49.0,15.0,24900.0,3.0;28,2000,50.0,8.0,12000.0,2.0;25,2250,45.0,7.0,21000.0,3.0;27,2350,47.0,9.0,16000.0,1.0;35,1940,48.0,14.0,7677.0,3.0
29,2107,49.0,11.0,30000.0,3.0;28,1920,48.0,10.0,21000.0,4.0;33,2160,48.0,15.0,6000.0,2.0;26,2550,51.0,8.0,9980.0,3.0;42,1445,49.0,9.0,7000.0,3.0;48,1850,50.0,24.0,4000.0,3.0
50,1980,49.0,30.0,16640.0,1.0;28,1881,49.0,10.0,12000.0,3.0;33,2223,49.0,13.0,12445.0,2.0;25,1120,32.0,5.0,2500.0,4.0;49,1938,50.0,6.0,6000.0,1.0;40,1920,48.0,22.0,10560.0,3.0
33,2568,50.0,15.0,13960.0,3.0;27,2000,50.0,9.0,8000.0,3.0;33,1824,46.0,13.0,36000.0,2.0;37,2450,49.0,17.0,36000.0,4.0;27,1426,40.0,9.0,11500.0,3.0;52,1990,49.0,34.0,14000.0,1.0
58,2072,47.0,33.0,19650.0,4.0;26,1670,35.0,7.0,19000.0,4.0;25,2225,45.0,7.0,13292.0,1.0;45,2184,52.0,27.0,19707.0,3.0;31,1464,37.0,10.0,15800.0,3.0;43,1800,45.0,19.0,8457.0,3.0
28,3000,50.0,10.0,19000.0,2.0;30,1960,49.0,8.0,30000.0,3.0;48,2111,50.0,23.0,18800.0,3.0;36,1750,50.0,18.0,28050.0,4.0;33,1260,35.0,15.0,13000.0,2.0;26,1312,41.0,8.0,12000.0,1.0
37,2018,50.0,19.0,27000.0,2.0;25,1820,52.0,7.0,6000.0,2.0;47,2000,50.0,29.0,10800.0,3.0;34,2428,48.0,16.0,5015.0,3.0;33,2891,49.0,13.0,15600.0,3.0;30,1877,49.0,10.0,10700.0,3.0
57,1968,49.0,39.0,10500.0,4.0;30,2000,50.0,12.0,10200.0,3.0;37,2056,48.0,18.0,24761.0,1.0;50,2091,47.0,32.0,23000.0,2.0;26,2180,47.0,8.0,11445.0,4.0;50,1000,50.0,20.0,3500.0,1.0
25,1906,43.0,7.0,9000.0,3.0;52,2663,51.0,34.0,22000.0,3.0;39,2110,49.0,21.0,23500.0,3.0;35,1972,49.0,8.0,11300.0,3.0;28,1968,49.0,8.0,9078.0,3.0;32,1891,50.0,14.0,8500.0,3.0
49,1560,39.0,31.0,19000.0,2.0;46,2450,49.0,28.0,51000.0,2.0;33,3171,51.0,10.0,20663.0,3.0;25,2002,51.0,7.0,7823.0,3.0;52,2268,47.0,30.0,5436.0,1.0;28,3570,51.0,7.0,18000.0,2.0
31,1920,47.0,8.0,31670.0,2.0;54,816,0.0,7.0,2000.0,2.0;25,2958,51.0,7.0,21000.0,4.0;27,312,16.0,5.0,2000.0,2.0;63,950,47.0,25.0,5000.0,3.0;31,1960,49.0,10.0,10000.0,2.0
31,2268,49.0,11.0,25000.0,3.0;43,1240,31.0,25.0,6000.0,2.0;33,1548,52.0,14.0,20000.0,4.0;25,1880,47.0,7.0,10192.0,1.0;35,2286,51.0,6.0,7000.0,3.0;46,1193,48.0,12.0,3500.0,4.0
42,2300,50.0,24.0,22000.0,3.0;28,2078,49.0,10.0,10400.0,4.0;50,2040,51.0,32.0,30000.0,2.0;30,1673,47.0,12.0,15000.0,1.0;35,1640,41.0,11.0,7609.0,3.0;44,1982,47.0,20.0,21000.0,3.0
28,2000,49.0,9.0,16000.0,3.0;40,2233,47.0,21.0,23000.0,2.0;33,1868,47.0,14.0,8000.0,3.0;50,1110,37.0,23.0,23000.0,1.0;52,336,42.0,34.0,3600.0,4.0;32,1176,49.0,4.0,4200.0,4.0
52,2461,49.0,34.0,27500.0,3.0;42,3180,48.0,23.0,27624.0,2.0;58,2000,50.0,37.0,7920.0,3.0;47,2080,52.0,5.0,7620.0,3.0;33,2397,51.0,12.0,10622.0,3.0;28,2000,50.0,8.0,6800.0,3.0
27,2241,48.0,9.0,20000.0,3.0;25,3518,47.0,7.0,17000.0,3.0;56,1840,48.0,30.0,11700.0,1.0;52,1944,47.0,29.0,13000.0,2.0;30,1400,35.0,7.0,12000.0,4.0;36,1960,49.0,18.0,8000.0,2.0
32,2886,51.0,14.0,22700.0,2.0;28,2000,0.0,10.0,5100.0,3.0;35,1944,49.0,15.0,24000.0,2.0;25,1944,49.0,7.0,9000.0,2.0;29,2160,45.0,11.0,8000.0,3.0;29,2205,49.0,11.0,8700.0,3.0
25,1600,40.0,7.0,10000.0,3.0;26,1560,39.0,7.0,11200.0,3.0;34,1579,39.0,14.0,20037.0,1.0;52,1236,52.0,21.0,9000.0,4.0;46,1939,48.0,25.0,9900.0,3.0;27,1868,47.0,6.0,18000.0,2.0
34,2000,50.0,16.0,19542.0,3.0;59,1939,40.0,41.0,20000.0,2.0;30,4080,50.0,8.0,16600.0,3.0;58,1790,43.0,33.0,8300.0,3.0;27,1396,35.0,7.0,6000.0,3.0;45,1920,48.0,23.0,8900.0,3.0
27,1867,50.0,3.0,11000.0,2.0;46,1476,49.0,24.0,18000.0,3.0;30,1632,34.0,11.0,17317.0,2.0;28,1920,48.0,10.0,8640.0,2.0;38,898,22.0,15.0,5334.0,3.0;47,1036,43.0,29.0,4800.0,3.0
25,1995,47.0,7.0,20000.0,4.0;28,3185,49.0,9.0,34000.0,3.0;51,3000,50.0,33.0,19240.0,3.0;36,1980,51.0,18.0,17665.0,3.0;38,2500,50.0,18.0,22800.0,3.0;26,1920,48.0,6.0,11000.0,4.0
31,1920,45.0,13.0,13100.0,3.0;29,2100,50.0,11.0,14000.0,3.0;35,2600,52.0,17.0,35000.0,3.0;32,1544,38.0,12.0,6658.0,3.0;58,1295,32.0,36.0,12630.0,4.0;40,1840,46.0,9.0,7000.0,1.0
39,1920,48.0,21.0,25050.0,3.0;54,2142,51.0,35.0,9000.0,3.0;43,4500,50.0,25.0,70000.0,3.0;29,1828,46.0,7.0,12000.0,3.0;58,1940,48.0,40.0,6000.0,3.0;32,1984,48.0,14.0,21000.0,2.0
47,2070,46.0,29.0,21000.0,1.0;38,1040,26.0,20.0,8480.0,2.0;55,2064,50.0,36.0,23000.0,1.0;61,2000,50.0,15.0,5000.0,3.0;27,760,38.0,5.0,3000.0,3.0;52,1080,36.0,28.0,27000.0,2.0
26,3060,51.0,8.0,28415.0,4.0;28,2080,52.0,9.0,9000.0,3.0;50,1910,47.0,31.0,24357.0,3.0;30,960,24.0,12.0,3250.0,2.0;44,2050,50.0,6.0,10000.0,4.0;28,682,17.0,4.0,2000.0,3.0
51,2385,48.0,28.0,51000.0,1.0;30,2450,49.0,11.0,30000.0,3.0;28,2024,46.0,8.0,26500.0,2.0;35,1536,38.0,13.0,17000.0,2.0;29,528,8.0,10.0,3273.0,1.0;40,1984,50.0,16.0,7000.0,2.0
29,2242,50.0,11.0,28000.0,2.0;63,2496,52.0,37.0,45000.0,2.0;48,726,17.0,29.0,14000.0,2.0;36,1751,42.0,8.0,5516.0,3.0;43,2117,50.0,11.0,6000.0,3.0;30,2223,49.0,12.0,21000.0,2.0
25,1736,43.0,7.0,9806.0,3.0;48,1920,48.0,23.0,8000.0,3.0;46,1760,44.0,28.0,14200.0,2.0;30,716,18.0,12.0,7500.0,2.0;28,200,5.0,9.0,500.0,4.0;36,288,8.0,14.0,350.0,3.0
27,2948,47.0,8.0,23000.0,1.0;53,2112,48.0,34.0,44500.0,4.0;29,1880,47.0,10.0,5207.0,3.0;34,1386,40.0,9.0,14000.0,3.0;41,700,18.0,23.0,2070.0,3.0;54,1299,35.0,15.0,3500.0,1.0
27,2500,50.0,8.0,15000.0,3.0;31,2584,49.0,13.0,11000.0,3.0;59,1692,42.0,41.0,12690.0,3.0;28,1964,47.0,10.0,12000.0,1.0;41,1363,30.0,15.0,17000.0,1.0;54,1568,36.0,21.0,16478.0,2.0
44,1864,47.0,23.0,22280.0,2.0;54,1680,42.0,36.0,28700.0,4.0;32,2016,48.0,14.0,10600.0,3.0;26,2040,49.0,8.0,15000.0,2.0;47,1468,34.0,25.0,8356.0,4.0;28,2125,50.0,10.0,26000.0,4.0
33,2728,50.0,12.0,14314.0,3.0;64,1322,41.0,42.0,5000.0,3.0;25,3250,50.0,7.0,15000.0,3.0;31,1920,48.0,12.0,8000.0,3.0;46,1600,50.0,15.0,6500.0,3.0;59,2294,48.0,25.0,10500.0,3.0
32,2180,47.0,10.0,35500.0,3.0;46,2040,51.0,28.0,9000.0,3.0;35,2800,48.0,17.0,22000.0,3.0;52,760,38.0,30.0,5250.0,1.0;49,600,24.0,5.0,1500.0,2.0;40,1470,42.0,2.0,5000.0,2.0
51,1920,48.0,33.0,25500.0,2.0;35,2304,38.0,17.0,16000.0,2.0;28,1888,47.0,10.0,20000.0,3.0;43,1960,49.0,25.0,8200.0,3.0;27,1182,30.0,7.0,7500.0,3.0;34,2000,50.0,15.0,7280.0,3.0
33,1912,48.0,10.0,25000.0,2.0;37,2621,49.0,19.0,19500.0,4.0;26,2856,52.0,8.0,24000.0,3.0;57,1837,49.0,37.0,6018.0,1.0;52,1265,51.0,18.0,5700.0,4.0;48,1952,49.0,14.0,6800.0,2.0
38,2880,48.0,20.0,34000.0,2.0;58,1890,42.0,34.0,25900.0,2.0;28,3120,52.0,9.0,10000.0,4.0;48,2000,50.0,10.0,9000.0,3.0;27,1905,45.0,9.0,20500.0,2.0;26,2000,50.0,5.0,7000.0,3.0
27,2263,49.0,9.0,13000.0,1.0;27,1380,23.0,8.0,7500.0,2.0;60,1920,48.0,42.0,39600.0,2.0;33,1852,39.0,15.0,6880.0,3.0;26,1960,49.0,6.0,5000.0,3.0;27,2033,48.0,4.0,11000.0,3.0
53,1745,47.0,35.0,65000.0,1.0;39,1960,49.0,20.0,19000.0,3.0;27,320,8.0,3.0,3200.0,2.0;26,1584,40.0,7.0,5900.0,3.0;35,1649,47.0,14.0,19476.0,1.0;36,640,16.0,10.0,4000.0,3.0
47,1222,29.0,28.0,7140.0,3.0;26,2256,48.0,8.0,29120.0,3.0;30,2009,48.0,12.0,26000.0,4.0;33,1380,35.0,15.0,16560.0,4.0;46,1976,49.0,11.0,7117.0,3.0;26,2076,51.0,8.0,9000.0,3.0
41,2988,50.0,23.0,21000.0,3.0;29,2165,49.0,11.0,28000.0,3.0;39,2805,51.0,21.0,34000.0,3.0;31,911,51.0,8.0,3400.0,3.0;36,2205,49.0,14.0,10800.0,3.0;58,570,19.0,9.0,2000.0,1.0
47,1400,35.0,28.0,7000.0,3.0;33,1956,47.0,15.0,11300.0,3.0;34,2202,48.0,16.0,25000.0,2.0;31,1542,50.0,9.0,11622.0,1.0;43,1155,42.0,15.0,8975.0,1.0;29,705,47.0,5.0,2600.0,2.0
61,1920,48.0,43.0,21000.0,1.0;44,3120,52.0,26.0,12000.0,3.0;25,2030,50.0,6.0,17747.0,1.0;36,1020,51.0,5.0,11000.0,3.0;34,144,16.0,2.0,600.0,4.0;31,1793,48.0,13.0,15000.0,2.0
28,1818,40.0,10.0,18000.0,3.0;30,1600,40.0,8.0,6500.0,3.0;59,2080,52.0,41.0,15000.0,1.0;33,480,12.0,9.0,4200.0,3.0;32,1093,49.0,11.0,5000.0,4.0;31,1960,49.0,13.0,5623.0,3.0
57,2100,51.0,37.0,9000.0,3.0;39,2314,49.0,21.0,12000.0,3.0;31,2228,52.0,13.0,12000.0,3.0;32,1536,38.0,11.0,6900.0,3.0;26,1040,52.0,7.0,6600.0,4.0;58,2170,51.0,14.0,9000.0,2.0
52,2035,37.0,34.0,15749.0,4.0;55,2727,51.0,37.0,21934.0,3.0;33,1800,36.0,15.0,22000.0,2.0;57,1600,40.0,20.0,10400.0,2.0;37,1260,36.0,4.0,5500.0,3.0;44,1960,49.0,25.0,9000.0,3.0
27,1819,43.0,9.0,16000.0,3.0;27,1955,46.0,8.0,10015.0,3.0;32,2000,49.0,14.0,32552.0,4.0;54,1960,49.0,15.0,12000.0,3.0;35,1912,47.0,14.0,20174.0,1.0;49,1480,42.0,31.0,7500.0,3.0
29,2000,50.0,11.0,9700.0,3.0;31,2058,49.0,13.0,23000.0,4.0;37,2258,48.0,19.0,5000.0,3.0;55,2000,50.0,25.0,14571.0,4.0;25,2056,51.0,7.0,7500.0,2.0;27,700,17.0,9.0,3000.0,3.0
48,1949,44.0,30.0,18800.0,1.0;30,2520,50.0,6.0,23500.0,2.0;40,2241,50.0,22.0,14137.0,3.0;25,705,47.0,6.0,11000.0,1.0;31,1365,39.0,12.0,5196.0,3.0;31,2333,49.0,13.0,11000.0,3.0
32,2494,49.0,13.0,18508.0,3.0;27,1920,48.0,9.0,8600.0,3.0;37,2117,50.0,19.0,9000.0,3.0;29,2100,45.0,9.0,20000.0,4.0;29,1992,50.0,11.0,8000.0,4.0;26,764,52.0,6.0,3800.0,2.0
54,1040,26.0,36.0,3000.0,3.0;25,1920,48.0,7.0,11300.0,3.0;35,1972,47.0,17.0,18070.0,4.0;32,1344,38.0,11.0,4500.0,3.0;26,1936,48.0,8.0,15000.0,2.0;29,1760,44.0,7.0,5000.0,3.0
33,2107,49.0,15.0,24900.0,3.0;28,2000,50.0,8.0,12000.0,2.0;25,2250,45.0,7.0,21000.0,3.0;27,2350,47.0,9.0,16000.0,1.0;35,1940,48.0,14.0,7677.0,3.0;34,1512,38.0,8.0,10938.0,3.0
28,1920,48.0,10.0,21000.0,4.0;33,2160,48.0,15.0,6000.0,2.0;26,2550,51.0,8.0,9980.0,3.0;42,1445,49.0,9.0,7000.0,3.0;48,1850,50.0,24.0,4000.0,3.0;40,1500,50.0,22.0,3900.0,3.0
28,1881,49.0,10.0,12000.0,3.0;33,2223,49.0,13.0,12445.0,2.0;25,1120,32.0,5.0,2500.0,4.0;49,1938,50.0,6.0,6000.0,1.0;40,1920,48.0,22.0,10560.0,3.0;52,1960,49.0,21.0,7500.0,1.0
27,2000,50.0,9.0,8000.0,3.0;33,1824,46.0,13.0,36000.0,2.0;37,2450,49.0,17.0,36000.0,4.0;27,1426,40.0,9.0,11500.0,3.0;52,1990,49.0,34.0,14000.0,1.0;50,1230,48.0,19.0,7000.0,3.0
26,1670,35.0,7.0,19000.0,4.0;25,2225,45.0,7.0,13292.0,1.0;45,2184,52.0,27.0,19707.0,3.0;31,1464,37.0,10.0,15800.0,3.0;43,1800,45.0,19.0,8457.0,3.0;37,2103,44.0,18.0,18300.0,2.0
30,1960,49.0,8.0,30000.0,3.0;48,2111,50.0,23.0,18800.0,3.0;36,1750,50.0,18.0,28050.0,4.0;33,1260,35.0,15.0,13000.0,2.0;26,1312,41.0,8.0,12000.0,1.0;43,2455,49.0,18.0,18000.0,1.0
25,1820,52.0,7.0,6000.0,2.0;47,2000,50.0,29.0,10800.0,3.0;34,2428,48.0,16.0,5015.0,3.0;33,2891,49.0,13.0,15600.0,3.0;30,1877,49.0,10.0,10700.0,3.0;38,1990,49.0,17.0,13000.0,1.0
30,2000,50.0,12.0,10200.0,3.0;37,2056,48.0,18.0,24761.0,1.0;50,2091,47.0,32.0,23000.0,2.0;26,2180,47.0,8.0,11445.0,4.0;50,1000,50.0,20.0,3500.0,1.0;28,280,7.0,6.0,1046.0,3.0
52,2663,51.0,34.0,22000.0,3.0;39,2110,49.0,21.0,23500.0,3.0;35,1972,49.0,8.0,11300.0,3.0;28,1968,49.0,8.0,9078.0,3.0;32,1891,50.0,14.0,8500.0,3.0;28,2760,49.0,10.0,6800.0,2.0
46,2450,49.0,28.0,51000.0,2.0;33,3171,51.0,10.0,20663.0,3.0;25,2002,51.0,7.0,7823.0,3.0;52,2268,47.0,30.0,5436.0,1.0;28,3570,51.0,7.0,18000.0,2.0;28,1904,48.0,6.0,24000.0,3.0
54,816,0.0,7.0,2000.0,2.0;25,2958,51.0,7.0,21000.0,4.0;27,312,16.0,5.0,2000.0,2.0;63,950,47.0,25.0,5000.0,3.0;31,1960,49.0,10.0,10000.0,2.0;38,976,24.0,18.0,4000.0,4.0
43,1240,31.0,25.0,6000.0,2.0;33,1548,52.0,14.0,20000.0,4.0;25,1880,47.0,7.0,10192.0,1.0;35,2286,51.0,6.0,7000.0,3.0;46,1193,48.0,12.0,3500.0,4.0;34,1238,48.0,9.0,5200.0,3.0
28,2078,49.0,10.0,10400.0,4.0;50,2040,51.0,32.0,30000.0,2.0;30,1673,47.0,12.0,15000.0,1.0;35,1640,41.0,11.0,7609.0,3.0;44,1982,47.0,20.0,21000.0,3.0;40,2084,46.0,20.0,22238.0,3.0
40,2233,47.0,21.0,23000.0,2.0;33,1868,47.0,14.0,8000.0,3.0;50,1110,37.0,23.0,23000.0,1.0;52,336,42.0,34.0,3600.0,4.0;32,1176,49.0,4.0,4200.0,4.0;50,1547,41.0,20.0,6000.0,2.0
42,3180,48.0,23.0,27624.0,2.0;58,2000,50.0,37.0,7920.0,3.0;47,2080,52.0,5.0,7620.0,3.0;33,2397,51.0,12.0,10622.0,3.0;28,2000,50.0,8.0,6800.0,3.0;53,425,17.0,2.0,1500.0,2.0
25,3518,47.0,7.0,17000.0,3.0;56,1840,48.0,30.0,11700.0,1.0;52,1944,47.0,29.0,13000.0,2.0;30,1400,35.0,7.0,12000.0,4.0;36,1960,49.0,18.0,8000.0,2.0;48,1864,44.0,13.0,6700.0,4.0
28,2000,0.0,10.0,5100.0,3.0;35,1944,49.0,15.0,24000.0,2.0;25,1944,49.0,7.0,9000.0,2.0;29,2160,45.0,11.0,8000.0,3.0;29,2205,49.0,11.0,8700.0,3.0;37,2040,51.0,14.0,7600.0,2.0
26,1560,39.0,7.0,11200.0,3.0;34,1579,39.0,14.0,20037.0,1.0;52,1236,52.0,21.0,9000.0,4.0;46,1939,48.0,25.0,9900.0,3.0;27,1868,47.0,6.0,18000.0,2.0;39,980,49.0,6.0,10500.0,1.0
59,1939,40.0,41.0,20000.0,2.0;30,4080,50.0,8.0,16600.0,3.0;58,1790,43.0,33.0,8300.0,3.0;27,1396,35.0,7.0,6000.0,3.0;45,1920,48.0,23.0,8900.0,3.0;32,1894,47.0,14.0,18258.0,4.0
46,1476,49.0,24.0,18000.0,3.0;30,1632,34.0,11.0,17317.0,2.0;28,1920,48.0,10.0,8640.0,2.0;38,898,22.0,15.0,5334.0,3.0;47,1036,43.0,29.0,4800.0,3.0;28,1764,49.0,10.0,9000.0,4.0
28,3185,49.0,9.0,34000.0,3.0;51,3000,50.0,33.0,19240.0,3.0;36,1980,51.0,18.0,17665.0,3.0;38,2500,50.0,18.0,22800.0,3.0;26,1920,48.0,6.0,11000.0,4.0;60,1720,43.0,32.0,9774.0,2.0
29,2100,50.0,11.0,14000.0,3.0;35,2600,52.0,17.0,35000.0,3.0;32,1544,38.0,12.0,6658.0,3.0;58,1295,32.0,36.0,12630.0,4.0;40,1840,46.0,9.0,7000.0,1.0;43,1843,50.0,6.0,6900.0,1.0
54,2142,51.0,35.0,9000.0,3.0;43,4500,50.0,25.0,70000.0,3.0;29,1828,46.0,7.0,12000.0,3.0;58,1940,48.0,40.0,6000.0,3.0;32,1984,48.0,14.0,21000.0,2.0;40,2000,50.0,9.0,7000.0,2.0
38,1040,26.0,20.0,8480.0,2.0;55,2064,50.0,36.0,23000.0,1.0;61,2000,50.0,15.0,5000.0,3.0;27,760,38.0,5.0,3000.0,3.0;52,1080,36.0,28.0,27000.0,2.0;58,1064,27.0,34.0,5097.0,3.0
28,2080,52.0,9.0,9000.0,3.0;50,1910,47.0,31.0,24357.0,3.0;30,960,24.0,12.0,3250.0,2.0;44,2050,50.0,6.0,10000.0,4.0;28,682,17.0,4.0,2000.0,3.0;30,1800,45.0,12.0,13000.0,3.0
30,2450,49.0,11.0,30000.0,3.0;28,2024,46.0,8.0,26500.0,2.0;35,1536,38.0,13.0,17000.0,2.0;29,528,8.0,10.0,3273.0,1.0;40,1984,50.0,16.0,7000.0,2.0;26,1155,3.0,6.0,5000.0,2.0
63,2496,52.0,37.0,45000.0,2.0;48,726,17.0,29.0,14000.0,2.0;36,1751,42.0,8.0,5516.0,3.0;43,2117,50.0,11.0,6000.0,3.0;30,2223,49.0,12.0,21000.0,2.0;26,1185,35.0,8.0,5770.0,4.0
48,1920,48.0,23.0,8000.0,3.0;46,1760,44.0,28.0,14200.0,2.0;30,716,18.0,12.0,7500.0,2.0;28,200,5.0,9.0,500.0,4.0;36,288,8.0,14.0,350.0,3.0;54,1565,39.0,36.0,13000.0,2.0
53,2112,48.0,34.0,44500.0,4.0;29,1880,47.0,10.0,5207.0,3.0;34,1386,40.0,9.0,14000.0,3.0;41,700,18.0,23.0,2070.0,3.0;54,1299,35.0,15.0,3500.0,1.0;36,2072,52.0,15.0,8500.0,3.0
31,2584,49.0,13.0,11000.0,3.0;59,1692,42.0,41.0,12690.0,3.0;28,1964,47.0,10.0,12000.0,1.0;41,1363,30.0,15.0,17000.0,1.0;54,1568,36.0,21.0,16478.0,2.0;27,1920,48.0,9.0,20000.0,2.0
54,1680,42.0,36.0,28700.0,4.0;32,2016,48.0,14.0,10600.0,3.0;26,2040,49.0,8.0,15000.0,2.0;47,1468,34.0,25.0,8356.0,4.0;28,2125,50.0,10.0,26000.0,4.0;45,722,36.0,15.0,3700.0,1.0
64,1322,41.0,42.0,5000.0,3.0;25,3250,50.0,7.0,15000.0,3.0;31,1920,48.0,12.0,8000.0,3.0;46,1600,50.0,15.0,6500.0,3.0;59,2294,48.0,25.0,10500.0,3.0;60,1832,46.0,42.0,13000.0,2.0
46,2040,51.0,28.0,9000.0,3.0;35,2800,48.0,17.0,22000.0,3.0;52,760,38.0,30.0,5250.0,1.0;49,600,24.0,5.0,1500.0,2.0;40,1470,42.0,2.0,5000.0,2.0;26,1560,39.0,5.0,5800.0,3.0
35,2304,38.0,17.0,16000.0,2.0;28,1888,47.0,10.0,20000.0,3.0;43,1960,49.0,25.0,8200.0,3.0;27,1182,30.0,7.0,7500.0,3.0;34,2000,50.0,15.0,7280.0,3.0;48,120,24.0,20.0,800.0,1.0
37,2621,49.0,19.0,19500.0,4.0;26,2856,52.0,8.0,24000.0,3.0;57,1837,49.0,37.0,6018.0,1.0;52,1265,51.0,18.0,5700.0,4.0;48,1952,49.0,14.0,6800.0,2.0;51,2075,50.0,30.0,16000.0,3.0
58,1890,42.0,34.0,25900.0,2.0;28,3120,52.0,9.0,10000.0,4.0;48,2000,50.0,10.0,9000.0,3.0;27,1905,45.0,9.0,20500.0,2.0;26,2000,50.0,5.0,7000.0,3.0;29,1715,49.0,10.0,5340.0,3.0
27,1380,23.0,8.0,7500.0,2.0;60,1920,48.0,42.0,39600.0,2.0;33,1852,39.0,15.0,6880.0,3.0;26,1960,49.0,6.0,5000.0,3.0;27,2033,48.0,4.0,11000.0,3.0;25,1940,48.0,4.0,6500.0,1.0
39,1960,49.0,20.0,19000.0,3.0;27,320,8.0,3.0,3200.0,2.0;26,1584,40.0,7.0,5900.0,3.0;35,1649,47.0,14.0,19476.0,1.0;36,640,16.0,10.0,4000.0,3.0;41,1890,46.0,16.0,18000.0,3.0
26,2256,48.0,8.0,29120.0,3.0;30,2009,48.0,12.0,26000.0,4.0;33,1380,35.0,15.0,16560.0,4.0;46,1976,49.0,11.0,7117.0,3.0;26,2076,51.0,8.0,9000.0,3.0;57,1820,52.0,38.0,7098.0,3.0
29,2165,49.0,11.0,28000.0,3.0;39,2805,51.0,21.0,34000.0,3.0;31,911,51.0,8.0,3400.0,3.0;36,2205,49.0,14.0,10800.0,3.0;58,570,19.0,9.0,2000.0,1.0;42,1680,42.0,18.0,12000.0,3.0
33,1956,47.0,15.0,11300.0,3.0;34,2202,48.0,16.0,25000.0,2.0;31,1542,50.0,9.0,11622.0,1.0;43,1155,42.0,15.0,8975.0,1.0;29,705,47.0,5.0,2600.0,2.0;42,1277,39.0,15.0,6000.0,2.0
44,3120,52.0,26.0,12000.0,3.0;25,2030,50.0,6.0,17747.0,1.0;36,1020,51.0,5.0,11000.0,3.0;34,144,16.0,2.0,600.0,4.0;31,1793,48.0,13.0,15000.0,2.0;32,2380,48.0,14.0,25000.0,4.0
30,1600,40.0,8.0,6500.0,3.0;59,2080,52.0,41.0,15000.0,1.0;33,480,12.0,9.0,4200.0,3.0;32,1093,49.0,11.0,5000.0,4.0;31,1960,49.0,13.0,5623.0,3.0;45,1771,51.0,21.0,5600.0,1.0
39,2314,49.0,21.0,12000.0,3.0;31,2228,52.0,13.0,12000.0,3.0;32,1536,38.0,11.0,6900.0,3.0;26,1040,52.0,7.0,6600.0,4.0;58,2170,51.0,14.0,9000.0,2.0;52,1896,47.0,28.0,14164.0,2.0
55,2727,51.0,37.0,21934.0,3.0;33,1800,36.0,15.0,22000.0,2.0;57,1600,40.0,20.0,10400.0,2.0;37,1260,36.0,4.0,5500.0,3.0;44,1960,49.0,25.0,9000.0,3.0;25,1984,50.0,4.0,18000.0,3.0
27,1955,46.0,8.0,10015.0,3.0;32,2000,49.0,14.0,32552.0,4.0;54,1960,49.0,15.0,12000.0,3.0;35,1912,47.0,14.0,20174.0,1.0;49,1480,42.0,31.0,7500.0,3.0;44,1960,49.0,6.0,6500.0,3.0
31,2058,49.0,13.0,23000.0,4.0;37,2258,48.0,19.0,5000.0,3.0;55,2000,50.0,25.0,14571.0,4.0;25,2056,51.0,7.0,7500.0,2.0;27,700,17.0,9.0,3000.0,3.0;53,1780,44.0,17.0,12000.0,2.0
30,2520,50.0,6.0,23500.0,2.0;40,2241,50.0,22.0,14137.0,3.0;25,705,47.0,6.0,11000.0,1.0;31,1365,39.0,12.0,5196.0,3.0;31,2333,49.0,13.0,11000.0,3.0;25,328,29.0,1.0,3593.0,1.0
27,1920,48.0,9.0,8600.0,3.0;37,2117,50.0,19.0,9000.0,3.0;29,2100,45.0,9.0,20000.0,4.0;29,1992,50.0,11.0,8000.0,4.0;26,764,52.0,6.0,3800.0,2.0;25,1880,47.0,7.0,17500.0,4.0
25,1920,48.0,7.0,11300.0,3.0;35,1972,47.0,17.0,18070.0,4.0;32,1344,38.0,11.0,4500.0,3.0;26,1936,48.0,8.0,15000.0,2.0;29,1760,44.0,7.0,5000.0,3.0;35,1566,35.0,8.0,11000.0,3.0
28,2000,50.0,8.0,12000.0,2.0;25,2250,45.0,7.0,21000.0,3.0;27,2350,47.0,9.0,16000.0,1.0;35,1940,48.0,14.0,7677.0,3.0;34,1512,38.0,8.0,10938.0,3.0;39,2400,50.0,16.0,17000.0,4.0
33,2160,48.0,15.0,6000.0,2.0;26,2550,51.0,8.0,9980.0,3.0;42,1445,49.0,9.0,7000.0,3.0;48,1850,50.0,24.0,4000.0,3.0;40,1500,50.0,22.0,3900.0,3.0;26,1596,38.0,8.0,10500.0,3.0
33,2223,49.0,13.0,12445.0,2.0;25,1120,32.0,5.0,2500.0,4.0;49,1938,50.0,6.0,6000.0,1.0;40,1920,48.0,22.0,10560.0,3.0;52,1960,49.0,21.0,7500.0,1.0;33,2160,48.0,14.0,7000.0,3.0
33,1824,46.0,13.0,36000.0,2.0;37,2450,49.0,17.0,36000.0,4.0;27,1426,40.0,9.0,11500.0,3.0;52,1990,49.0,34.0,14000.0,1.0;50,1230,48.0,19.0,7000.0,3.0;25,2198,48.0,7.0,14000.0,4.0
25,2225,45.0,7.0,13292.0,1.0;45,2184,52.0,27.0,19707.0,3.0;31,1464,37.0,10.0,15800.0,3.0;43,1800,45.0,19.0,8457.0,3.0;37,2103,44.0,18.0,18300.0,2.0;26,1974,47.0,5.0,9000.0,2.0
48,2111,50.0,23.0,18800.0,3.0;36,1750,50.0,18.0,28050.0,4.0;33,1260,35.0,15.0,13000.0,2.0;26,1312,41.0,8.0,12000.0,1.0;43,2455,49.0,18.0,18000.0,1.0;41,1920,48.0,23.0,6000.0,3.0
47,2000,50.0,29.0,10800.0,3.0;34,2428,48.0,16.0,5015.0,3.0;33,2891,49.0,13.0,15600.0,3.0;30,1877,49.0,10.0,10700.0,3.0;38,1990,49.0,17.0,13000.0,1.0;34,519,17.0,7.0,1400.0,3.0
37,2056,48.0,18.0,24761.0,1.0;50,2091,47.0,32.0,23000.0,2.0;26,2180,47.0,8.0,11445.0,4.0;50,1000,50.0,20.0,3500.0,1.0;28,280,7.0,6.0,1046.0,3.0;26,1884,47.0,8.0,12000.0,3.0
39,2110,49.0,21.0,23500.0,3.0;35,1972,49.0,8.0,11300.0,3.0;28,1968,49.0,8.0,9078.0,3.0;32,1891,50.0,14.0,8500.0,3.0;28,2760,49.0,10.0,6800.0,2.0;45,936,47.0,7.0,5000.0,3.0
33,3171,51.0,10.0,20663.0,3.0;25,2002,51.0,7.0,7823.0,3.0;52,2268,47.0,30.0,5436.0,1.0;28,3570,51.0,7.0,18000.0,2.0;28,1904,48.0,6.0,24000.0,3.0;34,1716,43.0,15.0,9000.0,3.0
25,2958,51.0,7.0,21000.0,4.0;27,312,16.0,5.0,2000.0,2.0;63,950,47.0,25.0,5000.0,3.0;31,1960,49.0,10.0,10000.0,2.0;38,976,24.0,18.0,4000.0,4.0;30,1812,45.0,12.0,14500.0,1.0
33,1548,52.0,14.0,20000.0,4.0;25,1880,47.0,7.0,10192.0,1.0;35,2286,51.0,6.0,7000.0,3.0;46,1193,48.0,12.0,3500.0,4.0;34,1238,48.0,9.0,5200.0,3.0;52,1320,33.0,4.0,4630.0,4.0
50,2040,51.0,32.0,30000.0,2.0;30,1673,47.0,12.0,15000.0,1.0;35,1640,41.0,11.0,7609.0,3.0;44,1982,47.0,20.0,21000.0,3.0;40,2084,46.0,20.0,22238.0,3.0;29,424,11.0,11.0,2200.0,4.0
33,1868,47.0,14.0,8000.0,3.0;50,1110,37.0,23.0,23000.0,1.0;52,336,42.0,34.0,3600.0,4.0;32,1176,49.0,4.0,4200.0,4.0;50,1547,41.0,20.0,6000.0,2.0;53,1560,52.0,20.0,3000.0,4.0
58,2000,50.0,37.0,7920.0,3.0;47,2080,52.0,5.0,7620.0,3.0;33,2397,51.0,12.0,10622.0,3.0;28,2000,50.0,8.0,6800.0,3.0;53,425,17.0,2.0,1500.0,2.0;32,1970,48.0,14.0,8679.0,2.0
56,1840,48.0,30.0,11700.0,1.0;52,1944,47.0,29.0,13000.0,2.0;30,1400,35.0,7.0,12000.0,4.0;36,1960,49.0,18.0,8000.0,2.0;48,1864,44.0,13.0,6700.0,4.0;48,2118,49.0,15.0,9802.0,2.0
35,1944,49.0,15.0,24000.0,2.0;25,1944,49.0,7.0,9000.0,2.0;29,2160,45.0,11.0,8000.0,3.0;29,2205,49.0,11.0,8700.0,3.0;37,2040,51.0,14.0,7600.0,2.0;33,1560,39.0,15.0,5000.0,3.0
34,1579,39.0,14.0,20037.0,1.0;52,1236,52.0,21.0,9000.0,4.0;46,1939,48.0,25.0,9900.0,3.0;27,1868,47.0,6.0,18000.0,2.0;39,980,49.0,6.0,10500.0,1.0;45,1976,52.0,3.0,7000.0,1.0
30,4080,50.0,8.0,16600.0,3.0;58,1790,43.0,33.0,8300.0,3.0;27,1396,35.0,7.0,6000.0,3.0;45,1920,48.0,23.0,8900.0,3.0;32,1894,47.0,14.0,18258.0,4.0;57,612,51.0,19.0,1410.0,3.0
30,1632,34.0,11.0,17317.0,2.0;28,1920,48.0,10.0,8640.0,2.0;38,898,22.0,15.0,5334.0,3.0;47,1036,43.0,29.0,4800.0,3.0;28,1764,49.0,10.0,9000.0,4.0;32,1125,17.0,14.0,4400.0,4.0
51,3000,50.0,33.0,19240.0,3.0;36,1980,51.0,18.0,17665.0,3.0;38,2500,50.0,18.0,22800.0,3.0;26,1920,48.0,6.0,11000.0,4.0;60,1720,43.0,32.0,9774.0,2.0;28,1992,50.0,10.0,13000.0,4.0
35,2600,52.0,17.0,35000.0,3.0;32,1544,38.0,12.0,6658.0,3.0;58,1295,32.0,36.0,12630.0,4.0;40,1840,46.0,9.0,7000.0,1.0;43,1843,50.0,6.0,6900.0,1.0;41,2012,50.0,15.0,9000.0,3.0
43,4500,50.0,25.0,70000.0,3.0;29,1828,46.0,7.0,12000.0,3.0;58,1940,48.0,40.0,6000.0,3.0;32,1984,48.0,14.0,21000.0,2.0;40,2000,50.0,9.0,7000.0,2.0;32,462,39.0,14.0,6000.0,1.0
55,2064,50.0,36.0,23000.0,1.0;61,2000,50.0,15.0,5000.0,3.0;27,760,38.0,5.0,3000.0,3.0;52,1080,36.0,28.0,27000.0,2.0;58,1064,27.0,34.0,5097.0,3.0;42,1778,47.0,21.0,12000.0,2.0
50,1910,47.0,31.0,24357.0,3.0;30,960,24.0,12.0,3250.0,2.0;44,2050,50.0,6.0,10000.0,4.0;28,682,17.0,4.0,2000.0,3.0;30,1800,45.0,12.0,13000.0,3.0;28,1840,46.0,5.0,6700.0,2.0
28,2024,46.0,8.0,26500.0,2.0;35,1536,38.0,13.0,17000.0,2.0;29,528,8.0,10.0,3273.0,1.0;40,1984,50.0,16.0,7000.0,2.0;26,1155,3.0,6.0,5000.0,2.0;48,2072,52.0,29.0,6000.0,3.0
48,726,17.0,29.0,14000.0,2.0;36,1751,42.0,8.0,5516.0,3.0;43,2117,50.0,11.0,6000.0,3.0;30,2223,49.0,12.0,21000.0,2.0;26,1185,35.0,8.0,5770.0,4.0;30,1998,45.0,12.0,22000.0,2.0
46,1760,44.0,28.0,14200.0,2.0;30,716,18.0,12.0,7500.0,2.0;28,200,5.0,9.0,500.0,4.0;36,288,8.0,14.0,350.0,3.0;54,1565,39.0,36.0,13000.0,2.0;40,4420,52.0,16.0,12500.0,3.0
29,1880,47.0,10.0,5207.0,3.0;34,1386,40.0,9.0,14000.0,3.0;41,700,18.0,23.0,2070.0,3.0;54,1299,35.0,15.0,3500.0,1.0;36,2072,52.0,15.0,8500.0,3.0;31,2250,50.0,13.0,12000.0,4.0
59,1692,42.0,41.0,12690.0,3.0;28,1964,47.0,10.0,12000.0,1.0;41,1363,30.0,15.0,17000.0,1.0;54,1568,36.0,21.0,16478.0,2.0;27,1920,48.0,9.0,20000.0,2.0;29,1920,48.0,7.0,8000.0,3.0
32,2016,48.0,14.0,10600.0,3.0;26,2040,49.0,8.0,15000.0,2.0;47,1468,34.0,25.0,8356.0,4.0;28,2125,50.0,10.0,26000.0,4.0;45,722,36.0,15.0,3700.0,1.0;40,1924,48.0,8.0,11000.0,3.0
25,3250,50.0,7.0,15000.0,3.0;31,1920,48.0,12.0,8000.0,3.0;46,1600,50.0,15.0,6500.0,3.0;59,2294,48.0,25.0,10500.0,3.0;60,1832,46.0,42.0,13000.0,2.0;28,2000,50.0,7.0,9000.0,3.0
35,2800,48.0,17.0,22000.0,3.0;52,760,38.0,30.0,5250.0,1.0;49,600,24.0,5.0,1500.0,2.0;40,1470,42.0,2.0,5000.0,2.0;26,1560,39.0,5.0,5800.0,3.0;37,1960,49.0,15.0,22000.0,3.0
28,1888,47.0,10.0,20000.0,3.0;43,1960,49.0,25.0,8200.0,3.0;27,1182,30.0,7.0,7500.0,3.0;34,2000,50.0,15.0,7280.0,3.0;48,120,24.0,20.0,800.0,1.0;40,840,50.0,13.0,10000.0,4.0
26,2856,52.0,8.0,24000.0,3.0;57,1837,49.0,37.0,6018.0,1.0;52,1265,51.0,18.0,5700.0,4.0;48,1952,49.0,14.0,6800.0,2.0;51,2075,50.0,30.0,16000.0,3.0;34,1677,48.0,10.0,21000.0,1.0
28,3120,52.0,9.0,10000.0,4.0;48,2000,50.0,10.0,9000.0,3.0;27,1905,45.0,9.0,20500.0,2.0;26,2000,50.0,5.0,7000.0,3.0;29,1715,49.0,10.0,5340.0,3.0;25,2715,48.0,7.0,13000.0,4.0
60,1920,48.0,42.0,39600.0,2.0;33,1852,39.0,15.0,6880.0,3.0;26,1960,49.0,6.0,5000.0,3.0;27,2033,48.0,4.0,11000.0,3.0;25,1940,48.0,4.0,6500.0,1.0;25,1980,45.0,7.0,17194.0,3.0
27,320,8.0,3.0,3200.0,2.0;26,1584,40.0,7.0,5900.0,3.0;35,1649,47.0,14.0,19476.0,1.0;36,640,16.0,10.0,4000.0,3.0;41,1890,46.0,16.0,18000.0,3.0;45,1687,45.0,27.0,10200.0,1.0
30,2009,48.0,12.0,26000.0,4.0;33,1380,35.0,15.0,16560.0,4.0;46,1976,49.0,11.0,7117.0,3.0;26,2076,51.0,8.0,9000.0,3.0;57,1820,52.0,38.0,7098.0,3.0;53,1964,47.0,35.0,30300.0,4.0
39,2805,51.0,21.0,34000.0,3.0;31,911,51.0,8.0,3400.0,3.0;36,2205,49.0,14.0,10800.0,3.0;58,570,19.0,9.0,2000.0,1.0;42,1680,42.0,18.0,12000.0,3.0;45,2875,51.0,27.0,8421.0,3.0
34,2202,48.0,16.0,25000.0,2.0;31,1542,50.0,9.0,11622.0,1.0;43,1155,42.0,15.0,8975.0,1.0;29,705,47.0,5.0,2600.0,2.0;42,1277,39.0,15.0,6000.0,2.0;31,1960,49.0,9.0,11000.0,3.0
25,2030,50.0,6.0,17747.0,1.0;36,1020,51.0,5.0,11000.0,3.0;34,144,16.0,2.0,600.0,4.0;31,1793,48.0,13.0,15000.0,2.0;32,2380,48.0,14.0,25000.0,4.0;25,1880,47.0,7.0,15000.0,3.0
59,2080,52.0,41.0,15000.0,1.0;33,480,12.0,9.0,4200.0,3.0;32,1093,49.0,11.0,5000.0,4.0;31,1960,49.0,13.0,5623.0,3.0;45,1771,51.0,21.0,5600.0,1.0;42,1575,42.0,10.0,4167.0,2.0
31,2228,52.0,13.0,12000.0,3.0;32,1536,38.0,11.0,6900.0,3.0;26,1040,52.0,7.0,6600.0,4.0;58,2170,51.0,14.0,9000.0,2.0;52,1896,47.0,28.0,14164.0,2.0;29,1175,47.0,10.0,5500.0,2.0
33,1800,36.0,15.0,22000.0,2.0;57,1600,40.0,20.0,10400.0,2.0;37,1260,36.0,4.0,5500.0,3.0;44,1960,49.0,25.0,9000.0,3.0;25,1984,50.0,4.0,18000.0,3.0;29,1505,43.0,8.0,6800.0,3.0
32,2000,49.0,14.0,32552.0,4.0;54,1960,49.0,15.0,12000.0,3.0;35,1912,47.0,14.0,20174.0,1.0;49,1480,42.0,31.0,7500.0,3.0;44,1960,49.0,6.0,6500.0,3.0;59,1960,49.0,25.0,4470.0,4.0
37,2258,48.0,19.0,5000.0,3.0;55,2000,50.0,25.0,14571.0,4.0;25,2056,51.0,7.0,7500.0,2.0;27,700,17.0,9.0,3000.0,3.0;53,1780,44.0,17.0,12000.0,2.0;27,2050,50.0,7.0,12500.0,4.0
40,2241,50.0,22.0,14137.0,3.0;25,705,47.0,6.0,11000.0,1.0;31,1365,39.0,12.0,5196.0,3.0;31,2333,49.0,13.0,11000.0,3.0;25,328,29.0,1.0,3593.0,1.0;48,1696,48.0,16.0,6429.0,3.0
37,2117,50.0,19.0,9000.0,3.0;29,2100,45.0,9.0,20000.0,4.0;29,1992,50.0,11.0,8000.0,4.0;26,764,52.0,6.0,3800.0,2.0;25,1880,47.0,7.0,17500.0,4.0;37,2785,46.0,19.0,15800.0,1.0
35,1972,47.0,17.0,18070.0,4.0;32,1344,38.0,11.0,4500.0,3.0;26,1936,48.0,8.0,15000.0,2.0;29,1760,44.0,7.0,5000.0,3.0;35,1566,35.0,8.0,11000.0,3.0;30,1250,50.0,6.0,2500.0,3.0
25,2250,45.0,7.0,21000.0,3.0;27,2350,47.0,9.0,16000.0,1.0;35,1940,48.0,14.0,7677.0,3.0;34,1512,38.0,8.0,10938.0,3.0;39,2400,50.0,16.0,17000.0,4.0;32,828,21.0,14.0,6850.0,3.0
26,2550,51.0,8.0,9980.0,3.0;42,1445,49.0,9.0,7000.0,3.0;48,1850,50.0,24.0,4000.0,3.0;40,1500,50.0,22.0,3900.0,3.0;26,1596,38.0,8.0,10500.0,3.0;54,1860,47.0,24.0,6542.0,1.0
25,1120,32.0,5.0,2500.0,4.0;49,1938,50.0,6.0,6000.0,1.0;40,1920,48.0,22.0,10560.0,3.0;52,1960,49.0,21.0,7500.0,1.0;33,2160,48.0,14.0,7000.0,3.0;31,1999,50.0,6.0,9540.0,3.0
37,2450,49.0,17.0,36000.0,4.0;27,1426,40.0,9.0,11500.0,3.0;52,1990,49.0,34.0,14000.0,1.0;50,1230,48.0,19.0,7000.0,3.0;25,2198,48.0,7.0,14000.0,4.0;31,2016,50.0,10.0,23000.0,2.0
45,2184,52.0,27.0,19707.0,3.0;31,1464,37.0,10.0,15800.0,3.0;43,1800,45.0,19.0,8457.0,3.0;37,2103,44.0,18.0,18300.0,2.0;26,1974,47.0,5.0,9000.0,2.0;28,2544,39.0,10.0,3600.0,2.0
36,1750,50.0,18.0,28050.0,4.0;33,1260,35.0,15.0,13000.0,2.0;26,1312,41.0,8.0,12000.0,1.0;43,2455,49.0,18.0,18000.0,1.0;41,1920,48.0,23.0,6000.0,3.0;29,1656,41.0,10.0,5000.0,4.0
34,2428,48.0,16.0,5015.0,3.0;33,2891,49.0,13.0,15600.0,3.0;30,1877,49.0,10.0,10700.0,3.0;38,1990,49.0,17.0,13000.0,1.0;34,519,17.0,7.0,1400.0,3.0;39,2020,49.0,21.0,13000.0,3.0
50,2091,47.0,32.0,23000.0,2.0;26,2180,47.0,8.0,11445.0,4.0;50,1000,50.0,20.0,3500.0,1.0;28,280,7.0,6.0,1046.0,3.0;26,1884,47.0,8.0,12000.0,3.0;33,2232,50.0,15.0,10191.0,3.0
35,1972,49.0,8.0,11300.0,3.0;28,1968,49.0,8.0,9078.0,3.0;32,1891,50.0,14.0,8500.0,3.0;28,2760,49.0,10.0,6800.0,2.0;45,936,47.0,7.0,5000.0,3.0;26,2100,50.0,8.0,24500.0,3.0
25,2002,51.0,7.0,7823.0,3.0;52,2268,47.0,30.0,5436.0,1.0;28,3570,51.0,7.0,18000.0,2.0;28,1904,48.0,6.0,24000.0,3.0;34,1716,43.0,15.0,9000.0,3.0;47,2988,50.0,29.0,39200.0,1.0
27,312,16.0,5.0,2000.0,2.0;63,950,47.0,25.0,5000.0,3.0;31,1960,49.0,10.0,10000.0,2.0;38,976,24.0,18.0,4000.0,4.0;30,1812,45.0,12.0,14500.0,1.0;30,2400,50.0,11.0,40000.0,1.0
25,1880,47.0,7.0,10192.0,1.0;35,2286,51.0,6.0,7000.0,3.0;46,1193,48.0,12.0,3500.0,4.0;34,1238,48.0,9.0,5200.0,3.0;52,1320,33.0,4.0,4630.0,4.0;25,2171,49.0,4.0,11640.0,3.0
30,1673,47.0,12.0,15000.0,1.0;35,1640,41.0,11.0,7609.0,3.0;44,1982,47.0,20.0,21000.0,3.0;40,2084,46.0,20.0,22238.0,3.0;29,424,11.0,11.0,2200.0,4.0;39,2600,45.0,21.0,40804.0,2.0
50,1110,37.0,23.0,23000.0,1.0;52,336,42.0,34.0,3600.0,4.0;32,1176,49.0,4.0,4200.0,4.0;50,1547,41.0,20.0,6000.0,2.0;53,1560,52.0,20.0,3000.0,4.0;34,2091,51.0,16.0,26000.0,1.0
47,2080,52.0,5.0,7620.0,3.0;33,2397,51.0,12.0,10622.0,3.0;28,2000,50.0,8.0,6800.0,3.0;53,425,17.0,2.0,1500.0,2.0;32,1970,48.0,14.0,8679.0,2.0;40,3332,48.0,22.0,20000.0,3.0
52,1944,47.0,29.0,13000.0,2.0;30,1400,35.0,7.0,12000.0,4.0;36,1960,49.0,18.0,8000.0,2.0;48,1864,44.0,13.0,6700.0,4.0;48,2118,49.0,15.0,9802.0,2.0;43,2028,48.0,25.0,28000.0,3.0
25,1944,49.0,7.0,9000.0,2.0;29,2160,45.0,11.0,8000.0,3.0;29,2205,49.0,11.0,8700.0,3.0;37,2040,51.0,14.0,7600.0,2.0;33,1560,39.0,15.0,5000.0,3.0;39,1404,49.0,12.0,40000.0,4.0
52,1236,52.0,21.0,9000.0,4.0;46,1939,48.0,25.0,9900.0,3.0;27,1868,47.0,6.0,18000.0,2.0;39,980,49.0,6.0,10500.0,1.0;45,1976,52.0,3.0,7000.0,1.0;43,2160,48.0,25.0,32620.0,2.0
58,1790,43.0,33.0,8300.0,3.0;27,1396,35.0,7.0,6000.0,3.0;45,1920,48.0,23.0,8900.0,3.0;32,1894,47.0,14.0,18258.0,4.0;57,612,51.0,19.0,1410.0,3.0;31,2080,52.0,13.0,29000.0,3.0
28,1920,48.0,10.0,8640.0,2.0;38,898,22.0,15.0,5334.0,3.0;47,1036,43.0,29.0,4800.0,3.0;28,1764,49.0,10.0,9000.0,4.0;32,1125,17.0,14.0,4400.0,4.0;30,1770,35.0,12.0,22000.0,3.0
36,1980,51.0,18.0,17665.0,3.0;38,2500,50.0,18.0,22800.0,3.0;26,1920,48.0,6.0,11000.0,4.0;60,1720,43.0,32.0,9774.0,2.0;28,1992,50.0,10.0,13000.0,4.0;39,669,16.0,21.0,52147.0,3.0
32,1544,38.0,12.0,6658.0,3.0;58,1295,32.0,36.0,12630.0,4.0;40,1840,46.0,9.0,7000.0,1.0;43,1843,50.0,6.0,6900.0,1.0;41,2012,50.0,15.0,9000.0,3.0;36,2760,46.0,18.0,26000.0,3.0
29,1828,46.0,7.0,12000.0,3.0;58,1940,48.0,40.0,6000.0,3.0;32,1984,48.0,14.0,21000.0,2.0;40,2000,50.0,9.0,7000.0,2.0;32,462,39.0,14.0,6000.0,1.0;59,2339,46.0,32.0,29000.0,3.0
61,2000,50.0,15.0,5000.0,3.0;27,760,38.0,5.0,3000.0,3.0;52,1080,36.0,28.0,27000.0,2.0;58,1064,27.0,34.0,5097.0,3.0;42,1778,47.0,21.0,12000.0,2.0;52,2005,47.0,34.0,44000.0,3.0
30,960,24.0,12.0,3250.0,2.0;44,2050,50.0,6.0,10000.0,4.0;28,682,17.0,4.0,2000.0,3.0;30,1800,45.0,12.0,13000.0,3.0;28,1840,46.0,5.0,6700.0,2.0;61,1960,49.0,43.0,39200.0,2.0
35,1536,38.0,13.0,17000.0,2.0;29,528,8.0,10.0,3273.0,1.0;40,1984,50.0,16.0,7000.0,2.0;26,1155,3.0,6.0,5000.0,2.0;48,2072,52.0,29.0,6000.0,3.0;29,2208,49.0,11.0,43000.0,2.0
36,1751,42.0,8.0,5516.0,3.0;43,2117,50.0,11.0,6000.0,3.0;30,2223,49.0,12.0,21000.0,2.0;26,1185,35.0,8.0,5770.0,4.0;30,1998,45.0,12.0,22000.0,2.0;40,2584,47.0,22.0,28000.0,3.0
30,716,18.0,12.0,7500.0,2.0;28,200,5.0,9.0,500.0,4.0;36,288,8.0,14.0,350.0,3.0;54,1565,39.0,36.0,13000.0,2.0;40,4420,52.0,16.0,12500.0,3.0;45,2422,52.0,27.0,24000.0,3.0
34,1386,40.0,9.0,14000.0,3.0;41,700,18.0,23.0,2070.0,3.0;54,1299,35.0,15.0,3500.0,1.0;36,2072,52.0,15.0,8500.0,3.0;31,2250,50.0,13.0,12000.0,4.0;52,2450,49.0,34.0,31700.0,1.0
28,1964,47.0,10.0,12000.0,1.0;41,1363,30.0,15.0,17000.0,1.0;54,1568,36.0,21.0,16478.0,2.0;27,1920,48.0,9.0,20000.0,2.0;29,1920,48.0,7.0,8000.0,3.0;63,2254,49.0,44.0,14000.0,3.0
26,2040,49.0,8.0,15000.0,2.0;47,1468,34.0,25.0,8356.0,4.0;28,2125,50.0,10.0,26000.0,4.0;45,722,36.0,15.0,3700.0,1.0;40,1924,48.0,8.0,11000.0,3.0;30,2100,50.0,12.0,32000.0,2.0
31,1920,48.0,12.0,8000.0,3.0;46,1600,50.0,15.0,6500.0,3.0;59,2294,48.0,25.0,10500.0,3.0;60,1832,46.0,42.0,13000.0,2.0;28,2000,50.0,7.0,9000.0,3.0;33,2400,48.0,15.0,50000.0,1.0
52,760,38.0,30.0,5250.0,1.0;49,600,24.0,5.0,1500.0,2.0;40,1470,42.0,2.0,5000.0,2.0;26,1560,39.0,5.0,5800.0,3.0;37,1960,49.0,15.0,22000.0,3.0;40,3000,50.0,22.0,21300.0,1.0
43,1960,49.0,25.0,8200.0,3.0;27,1182,30.0,7.0,7500.0,3.0;34,2000,50.0,15.0,7280.0,3.0;48,120,24.0,20.0,800.0,1.0;40,840,50.0,13.0,10000.0,4.0;38,2268,48.0,20.0,33000.0,3.0
57,1837,49.0,37.0,6018.0,1.0;52,1265,51.0,18.0,5700.0,4.0;48,1952,49.0,14.0,6800.0,2.0;51,2075,50.0,30.0,16000.0,3.0;34,1677,48.0,10.0,21000.0,1.0;44,2056,51.0,26.0,18250.0,2.0
48,2000,50.0,10.0,9000.0,3.0;27,1905,45.0,9.0,20500.0,2.0;26,2000,50.0,5.0,7000.0,3.0;29,1715,49.0,10.0,5340.0,3.0;25,2715,48.0,7.0,13000.0,4.0;37,2080,52.0,19.0,13100.0,3.0
33,1852,39.0,15.0,6880.0,3.0;26,1960,49.0,6.0,5000.0,3.0;27,2033,48.0,4.0,11000.0,3.0;25,1940,48.0,4.0,6500.0,1.0;25,1980,45.0,7.0,17194.0,3.0;29,5100,51.0,11.0,18000.0,3.0
26,1584,40.0,7.0,5900.0,3.0;35,1649,47.0,14.0,19476.0,1.0;36,640,16.0,10.0,4000.0,3.0;41,1890,46.0,16.0,18000.0,3.0;45,1687,45.0,27.0,10200.0,1.0;36,3310,49.0,17.0,27000.0,3.0
33,1380,35.0,15.0,16560.0,4.0;46,1976,49.0,11.0,7117.0,3.0;26,2076,51.0,8.0,9000.0,3.0;57,1820,52.0,38.0,7098.0,3.0;53,1964,47.0,35.0,30300.0,4.0;26,2206,49.0,8.0,33000.0,1.0
31,911,51.0,8.0,3400.0,3.0;36,2205,49.0,14.0,10800.0,3.0;58,570,19.0,9.0,2000.0,1.0;42,1680,42.0,18.0,12000.0,3.0;45,2875,51.0,27.0,8421.0,3.0;38,1040,52.0,19.0,15000.0,4.0
31,1542,50.0,9.0,11622.0,1.0;43,1155,42.0,15.0,8975.0,1.0;29,705,47.0,5.0,2600.0,2.0;42,1277,39.0,15.0,6000.0,2.0;31,1960,49.0,9.0,11000.0,3.0;34,2100,50.0,16.0,16000.0,3.0
36,1020,51.0,5.0,11000.0,3.0;34,144,16.0,2.0,600.0,4.0;31,1793,48.0,13.0,15000.0,2.0;32,2380,48.0,14.0,25000.0,4.0;25,1880,47.0,7.0,15000.0,3.0;56,2550,51.0,38.0,27000.0,3.0
33,480,12.0,9.0,4200.0,3.0;32,1093,49.0,11.0,5000.0,4.0;31,1960,49.0,13.0,5623.0,3.0;45,1771,51.0,21.0,5600.0,1.0;42,1575,42.0,10.0,4167.0,2.0;28,1880,47.0,10.0,5875.0,3.0
32,1536,38.0,11.0,6900.0,3.0;26,1040,52.0,7.0,6600.0,4.0;58,2170,51.0,14.0,9000.0,2.0;52,1896,47.0,28.0,14164.0,2.0;29,1175,47.0,10.0,5500.0,2.0;51,2280,52.0,33.0,5760.0,3.0
57,1600,40.0,20.0,10400.0,2.0;37,1260,36.0,4.0,5500.0,3.0;44,1960,49.0,25.0,9000.0,3.0;25,1984,50.0,4.0,18000.0,3.0;29,1505,43.0,8.0,6800.0,3.0;25,2016,50.0,7.0,20000.0,3.0
54,1960,49.0,15.0,12000.0,3.0;35,1912,47.0,14.0,20174.0,1.0;49,1480,42.0,31.0,7500.0,3.0;44,1960,49.0,6.0,6500.0,3.0;59,1960,49.0,25.0,4470.0,4.0;35,1960,48.0,17.0,15400.0,3.0
55,2000,50.0,25.0,14571.0,4.0;25,2056,51.0,7.0,7500.0,2.0;27,700,17.0,9.0,3000.0,3.0;53,1780,44.0,17.0,12000.0,2.0;27,2050,50.0,7.0,12500.0,4.0;32,2352,49.0,14.0,35500.0,3.0
25,705,47.0,6.0,11000.0,1.0;31,1365,39.0,12.0,5196.0,3.0;31,2333,49.0,13.0,11000.0,3.0;25,328,29.0,1.0,3593.0,1.0;48,1696,48.0,16.0,6429.0,3.0;55,1896,47.0,37.0,26000.0,3.0
29,2100,45.0,9.0,20000.0,4.0;29,1992,50.0,11.0,8000.0,4.0;26,764,52.0,6.0,3800.0,2.0;25,1880,47.0,7.0,17500.0,4.0;37,2785,46.0,19.0,15800.0,1.0;26,2688,46.0,8.0,24000.0,3.0
32,1344,38.0,11.0,4500.0,3.0;26,1936,48.0,8.0,15000.0,2.0;29,1760,44.0,7.0,5000.0,3.0;35,1566,35.0,8.0,11000.0,3.0;30,1250,50.0,6.0,2500.0,3.0;59,2088,46.0,41.0,35700.0,1.0
27,2350,47.0,9.0,16000.0,1.0;35,1940,48.0,14.0,7677.0,3.0;34,1512,38.0,8.0,10938.0,3.0;39,2400,50.0,16.0,17000.0,4.0;32,828,21.0,14.0,6850.0,3.0;49,1728,38.0,31.0,14500.0,3.0
42,1445,49.0,9.0,7000.0,3.0;48,1850,50.0,24.0,4000.0,3.0;40,1500,50.0,22.0,3900.0,3.0;26,1596,38.0,8.0,10500.0,3.0;54,1860,47.0,24.0,6542.0,1.0;29,1929,48.0,11.0,29060.0,2.0
49,1938,50.0,6.0,6000.0,1.0;40,1920,48.0,22.0,10560.0,3.0;52,1960,49.0,21.0,7500.0,1.0;33,2160,48.0,14.0,7000.0,3.0;31,1999,50.0,6.0,9540.0,3.0;28,1960,49.0,10.0,20200.0,2.0
27,1426,40.0,9.0,11500.0,3.0;52,1990,49.0,34.0,14000.0,1.0;50,1230,48.0,19.0,7000.0,3.0;25,2198,48.0,7.0,14000.0,4.0;31,2016,50.0,10.0,23000.0,2.0;45,2068,47.0,27.0,28600.0,3.0
31,1464,37.0,10.0,15800.0,3.0;43,1800,45.0,19.0,8457.0,3.0;37,2103,44.0,18.0,18300.0,2.0;26,1974,47.0,5.0,9000.0,2.0;28,2544,39.0,10.0,3600.0,2.0;43,1432,36.0,25.0,36450.0,1.0
33,1260,35.0,15.0,13000.0,2.0;26,1312,41.0,8.0,12000.0,1.0;43,2455,49.0,18.0,18000.0,1.0;41,1920,48.0,23.0,6000.0,3.0;29,1656,41.0,10.0,5000.0,4.0;43,2080,52.0,25.0,26000.0,3.0
33,2891,49.0,13.0,15600.0,3.0;30,1877,49.0,10.0,10700.0,3.0;38,1990,49.0,17.0,13000.0,1.0;34,519,17.0,7.0,1400.0,3.0;39,2020,49.0,21.0,13000.0,3.0;28,4097,52.0,10.0,38000.0,1.0
26,2180,47.0,8.0,11445.0,4.0;50,1000,50.0,20.0,3500.0,1.0;28,280,7.0,6.0,1046.0,3.0;26,1884,47.0,8.0,12000.0,3.0;33,2232,50.0,15.0,10191.0,3.0;45,2376,47.0,27.0,45860.0,2.0
28,1968,49.0,8.0,9078.0,3.0;32,1891,50.0,14.0,8500.0,3.0;28,2760,49.0,10.0,6800.0,2.0;45,936,47.0,7.0,5000.0,3.0;26,2100,50.0,8.0,24500.0,3.0;37,1631,41.0,17.0,3300.0,3.0
52,2268,47.0,30.0,5436.0,1.0;28,3570,51.0,7.0,18000.0,2.0;28,1904,48.0,6.0,24000.0,3.0;34,1716,43.0,15.0,9000.0,3.0;47,2988,50.0,29.0,39200.0,1.0;37,1912,48.0,18.0,12000.0,3.0
63,950,47.0,25.0,5000.0,3.0;31,1960,49.0,10.0,10000.0,2.0;38,976,24.0,18.0,4000.0,4.0;30,1812,45.0,12.0,14500.0,1.0;30,2400,50.0,11.0,40000.0,1.0;46,2350,47.0,26.0,85000.0,4.0
35,2286,51.0,6.0,7000.0,3.0;46,1193,48.0,12.0,3500.0,4.0;34,1238,48.0,9.0,5200.0,3.0;52,1320,33.0,4.0,4630.0,4.0;25,2171,49.0,4.0,11640.0,3.0;48,2116,49.0,30.0,60500.0,4.0
35,1640,41.0,11.0,7609.0,3.0;44,1982,47.0,20.0,21000.0,3.0;40,2084,46.0,20.0,22238.0,3.0;29,424,11.0,11.0,2200.0,4.0;39,2600,45.0,21.0,40804.0,2.0;33,2062,50.0,15.0,46000.0,1.0
52,336,42.0,34.0,3600.0,4.0;32,1176,49.0,4.0,4200.0,4.0;50,1547,41.0,20.0,6000.0,2.0;53,1560,52.0,20.0,3000.0,4.0;34,2091,51.0,16.0,26000.0,1.0;32,2210,51.0,14.0,16000.0,3.0
33,2397,51.0,12.0,10622.0,3.0;28,2000,50.0,8.0,6800.0,3.0;53,425,17.0,2.0,1500.0,2.0;32,1970,48.0,14.0,8679.0,2.0;40,3332,48.0,22.0,20000.0,3.0;53,3766,49.0,27.0,38676.0,3.0
30,1400,35.0,7.0,12000.0,4.0;36,1960,49.0,18.0,8000.0,2.0;48,1864,44.0,13.0,6700.0,4.0;48,2118,49.0,15.0,9802.0,2.0;43,2028,48.0,25.0,28000.0,3.0;37,2097,47.0,19.0,43600.0,2.0
29,2160,45.0,11.0,8000.0,3.0;29,2205,49.0,11.0,8700.0,3.0;37,2040,51.0,14.0,7600.0,2.0;33,1560,39.0,15.0,5000.0,3.0;39,1404,49.0,12.0,40000.0,4.0;40,1837,49.0,22.0,29000.0,3.0
46,1939,48.0,25.0,9900.0,3.0;27,1868,47.0,6.0,18000.0,2.0;39,980,49.0,6.0,10500.0,1.0;45,1976,52.0,3.0,7000.0,1.0;43,2160,48.0,25.0,32620.0,2.0;35,2295,51.0,17.0,8000.0,3.0
27,1396,35.0,7.0,6000.0,3.0;45,1920,48.0,23.0,8900.0,3.0;32,1894,47.0,14.0,18258.0,4.0;57,612,51.0,19.0,1410.0,3.0;31,2080,52.0,13.0,29000.0,3.0;32,2080,52.0,14.0,24000.0,2.0
38,898,22.0,15.0,5334.0,3.0;47,1036,43.0,29.0,4800.0,3.0;28,1764,49.0,10.0,9000.0,4.0;32,1125,17.0,14.0,4400.0,4.0;30,1770,35.0,12.0,22000.0,3.0;39,2156,49.0,21.0,44600.0,2.0
38,2500,50.0,18.0,22800.0,3.0;26,1920,48.0,6.0,11000.0,4.0;60,1720,43.0,32.0,9774.0,2.0;28,1992,50.0,10.0,13000.0,4.0;39,669,16.0,21.0,52147.0,3.0;41,2016,50.0,23.0,63000.0,3.0
58,1295,32.0,36.0,12630.0,4.0;40,1840,46.0,9.0,7000.0,1.0;43,1843,50.0,6.0,6900.0,1.0;41,2012,50.0,15.0,9000.0,3.0;36,2760,46.0,18.0,26000.0,3.0;45,1944,49.0,23.0,28400.0,4.0
58,1940,48.0,40.0,6000.0,3.0;32,1984,48.0,14.0,21000.0,2.0;40,2000,50.0,9.0,7000.0,2.0;32,462,39.0,14.0,6000.0,1.0;59,2339,46.0,32.0,29000.0,3.0;44,3138,48.0,26.0,60000.0,1.0
27,760,38.0,5.0,3000.0,3.0;52,1080,36.0,28.0,27000.0,2.0;58,1064,27.0,34.0,5097.0,3.0;42,1778,47.0,21.0,12000.0,2.0;52,2005,47.0,34.0,44000.0,3.0;43,2352,49.0,25.0,17000.0,3.0
44,2050,50.0,6.0,10000.0,4.0;28,682,17.0,4.0,2000.0,3.0;30,1800,45.0,12.0,13000.0,3.0;28,1840,46.0,5.0,6700.0,2.0;61,1960,49.0,43.0,39200.0,2.0;31,2250,50.0,13.0,35280.0,3.0
29,528,8.0,10.0,3273.0,1.0;40,1984,50.0,16.0,7000.0,2.0;26,1155,3.0,6.0,5000.0,2.0;48,2072,52.0,29.0,6000.0,3.0;29,2208,49.0,11.0,43000.0,2.0;51,1936,48.0,33.0,32000.0,2.0
43,2117,50.0,11.0,6000.0,3.0;30,2223,49.0,12.0,21000.0,2.0;26,1185,35.0,8.0,5770.0,4.0;30,1998,45.0,12.0,22000.0,2.0;40,2584,47.0,22.0,28000.0,3.0;51,3440,47.0,33.0,15000.0,3.0
28,200,5.0,9.0,500.0,4.0;36,288,8.0,14.0,350.0,3.0;54,1565,39.0,36.0,13000.0,2.0;40,4420,52.0,16.0,12500.0,3.0;45,2422,52.0,27.0,24000.0,3.0;42,2272,48.0,22.0,35500.0,4.0
41,700,18.0,23.0,2070.0,3.0;54,1299,35.0,15.0,3500.0,1.0;36,2072,52.0,15.0,8500.0,3.0;31,2250,50.0,13.0,12000.0,4.0;52,2450,49.0,34.0,31700.0,1.0;26,2112,48.0,8.0,26000.0,2.0
41,1363,30.0,15.0,17000.0,1.0;54,1568,36.0,21.0,16478.0,2.0;27,1920,48.0,9.0,20000.0,2.0;29,1920,48.0,7.0,8000.0,3.0;63,2254,49.0,44.0,14000.0,3.0;60,2040,51.0,42.0,24000.0,1.0
47,1468,34.0,25.0,8356.0,4.0;28,2125,50.0,10.0,26000.0,4.0;45,722,36.0,15.0,3700.0,1.0;40,1924,48.0,8.0,11000.0,3.0;30,2100,50.0,12.0,32000.0,2.0;35,2450,49.0,17.0,51000.0,3.0
46,1600,50.0,15.0,6500.0,3.0;59,2294,48.0,25.0,10500.0,3.0;60,1832,46.0,42.0,13000.0,2.0;28,2000,50.0,7.0,9000.0,3.0;33,2400,48.0,15.0,50000.0,1.0;33,2240,49.0,14.0,36000.0,1.0
49,600,24.0,5.0,1500.0,2.0;40,1470,42.0,2.0,5000.0,2.0;26,1560,39.0,5.0,5800.0,3.0;37,1960,49.0,15.0,22000.0,3.0;40,3000,50.0,22.0,21300.0,1.0;32,1631,47.0,10.0,29000.0,1.0
27,1182,30.0,7.0,7500.0,3.0;34,2000,50.0,15.0,7280.0,3.0;48,120,24.0,20.0,800.0,1.0;40,840,50.0,13.0,10000.0,4.0;38,2268,48.0,20.0,33000.0,3.0;33,5000,50.0,15.0,30000.0,3.0
52,1265,51.0,18.0,5700.0,4.0;48,1952,49.0,14.0,6800.0,2.0;51,2075,50.0,30.0,16000.0,3.0;34,1677,48.0,10.0,21000.0,1.0;44,2056,51.0,26.0,18250.0,2.0;34,2498,49.0,16.0,47000.0,1.0
27,1905,45.0,9.0,20500.0,2.0;26,2000,50.0,5.0,7000.0,3.0;29,1715,49.0,10.0,5340.0,3.0;25,2715,48.0,7.0,13000.0,4.0;37,2080,52.0,19.0,13100.0,3.0;35,2283,48.0,14.0,20835.0,2.0
26,1960,49.0,6.0,5000.0,3.0;27,2033,48.0,4.0,11000.0,3.0;25,1940,48.0,4.0,6500.0,1.0;25,1980,45.0,7.0,17194.0,3.0;29,5100,51.0,11.0,18000.0,3.0;46,1940,46.0,28.0,46000.0,3.0
35,1649,47.0,14.0,19476.0,1.0;36,640,16.0,10.0,4000.0,3.0;41,1890,46.0,16.0,18000.0,3.0;45,1687,45.0,27.0,10200.0,1.0;36,3310,49.0,17.0,27000.0,3.0;51,2288,52.0,33.0,14170.0,3.0
46,1976,49.0,11.0,7117.0,3.0;26,2076,51.0,8.0,9000.0,3.0;57,1820,52.0,38.0,7098.0,3.0;53,1964,47.0,35.0,30300.0,4.0;26,2206,49.0,8.0,33000.0,1.0;45,1576,39.0,26.0,10885.0,3.0
36,2205,49.0,14.0,10800.0,3.0;58,570,19.0,9.0,2000.0,1.0;42,1680,42.0,18.0,12000.0,3.0;45,2875,51.0,27.0,8421.0,3.0;38,1040,52.0,19.0,15000.0,4.0;27,2046,50.0,9.0,11000.0,3.0
43,1155,42.0,15.0,8975.0,1.0;29,705,47.0,5.0,2600.0,2.0;42,1277,39.0,15.0,6000.0,2.0;31,1960,49.0,9.0,11000.0,3.0;34,2100,50.0,16.0,16000.0,3.0;42,1982,45.0,23.0,31000.0,4.0
34,144,16.0,2.0,600.0,4.0;31,1793,48.0,13.0,15000.0,2.0;32,2380,48.0,14.0,25000.0,4.0;25,1880,47.0,7.0,15000.0,3.0;56,2550,51.0,38.0,27000.0,3.0;59,2450,49.0,41.0,66000.0,2.0
32,1093,49.0,11.0,5000.0,4.0;31,1960,49.0,13.0,5623.0,3.0;45,1771,51.0,21.0,5600.0,1.0;42,1575,42.0,10.0,4167.0,2.0;28,1880,47.0,10.0,5875.0,3.0;28,2480,50.0,10.0,40000.0,2.0
26,1040,52.0,7.0,6600.0,4.0;58,2170,51.0,14.0,9000.0,2.0;52,1896,47.0,28.0,14164.0,2.0;29,1175,47.0,10.0,5500.0,2.0;51,2280,52.0,33.0,5760.0,3.0;32,2730,51.0,14.0,25000.0,3.0
37,1260,36.0,4.0,5500.0,3.0;44,1960,49.0,25.0,9000.0,3.0;25,1984,50.0,4.0,18000.0,3.0;29,1505,43.0,8.0,6800.0,3.0;25,2016,50.0,7.0,20000.0,3.0;46,2475,49.0,28.0,46000.0,3.0
35,1912,47.0,14.0,20174.0,1.0;49,1480,42.0,31.0,7500.0,3.0;44,1960,49.0,6.0,6500.0,3.0;59,1960,49.0,25.0,4470.0,4.0;35,1960,48.0,17.0,15400.0,3.0;41,2104,48.0,16.0,63000.0,3.0
25,2056,51.0,7.0,7500.0,2.0;27,700,17.0,9.0,3000.0,3.0;53,1780,44.0,17.0,12000.0,2.0;27,2050,50.0,7.0,12500.0,4.0;32,2352,49.0,14.0,35500.0,3.0;44,4883,44.0,18.0,37000.0,3.0
31,1365,39.0,12.0,5196.0,3.0;31,2333,49.0,13.0,11000.0,3.0;25,328,29.0,1.0,3593.0,1.0;48,1696,48.0,16.0,6429.0,3.0;55,1896,47.0,37.0,26000.0,3.0;59,2000,50.0,41.0,20000.0,3.0
29,1992,50.0,11.0,8000.0,4.0;26,764,52.0,6.0,3800.0,2.0;25,1880,47.0,7.0,17500.0,4.0;37,2785,46.0,19.0,15800.0,1.0;26,2688,46.0,8.0,24000.0,3.0;48,2812,44.0,30.0,34000.0,2.0
26,1936,48.0,8.0,15000.0,2.0;29,1760,44.0,7.0,5000.0,3.0;35,1566,35.0,8.0,11000.0,3.0;30,1250,50.0,6.0,2500.0,3.0;59,2088,46.0,41.0,35700.0,1.0;41,2115,41.0,23.0,21400.0,1.0
35,1940,48.0,14.0,7677.0,3.0;34,1512,38.0,8.0,10938.0,3.0;39,2400,50.0,16.0,17000.0,4.0;32,828,21.0,14.0,6850.0,3.0;49,1728,38.0,31.0,14500.0,3.0;42,1896,47.0,24.0,29000.0,2.0
48,1850,50.0,24.0,4000.0,3.0;40,1500,50.0,22.0,3900.0,3.0;26,1596,38.0,8.0,10500.0,3.0;54,1860,47.0,24.0,6542.0,1.0;29,1929,48.0,11.0,29060.0,2.0;32,1629,45.0,14.0,6800.0,3.0
40,1920,48.0,22.0,10560.0,3.0;52,1960,49.0,21.0,7500.0,1.0;33,2160,48.0,14.0,7000.0,3.0;31,1999,50.0,6.0,9540.0,3.0;28,1960,49.0,10.0,20200.0,2.0;56,2054,50.0,38.0,35000.0,2.0
52,1990,49.0,34.0,14000.0,1.0;50,1230,48.0,19.0,7000.0,3.0;25,2198,48.0,7.0,14000.0,4.0;31,2016,50.0,10.0,23000.0,2.0;45,2068,47.0,27.0,28600.0,3.0;36,1912,36.0,18.0,29900.0,2.0
43,1800,45.0,19.0,8457.0,3.0;37,2103,44.0,18.0,18300.0,2.0;26,1974,47.0,5.0,9000.0,2.0;28,2544,39.0,10.0,3600.0,2.0;43,1432,36.0,25.0,36450.0,1.0;34,2810,50.0,16.0,35890.0,3.0
26,1312,41.0,8.0,12000.0,1.0;43,2455,49.0,18.0,18000.0,1.0;41,1920,48.0,23.0,6000.0,3.0;29,1656,41.0,10.0,5000.0,4.0;43,2080,52.0,25.0,26000.0,3.0;34,1841,48.0,16.0,36000.0,2.0
30,1877,49.0,10.0,10700.0,3.0;38,1990,49.0,17.0,13000.0,1.0;34,519,17.0,7.0,1400.0,3.0;39,2020,49.0,21.0,13000.0,3.0;28,4097,52.0,10.0,38000.0,1.0;41,2073,48.0,23.0,29200.0,2.0
50,1000,50.0,20.0,3500.0,1.0;28,280,7.0,6.0,1046.0,3.0;26,1884,47.0,8.0,12000.0,3.0;33,2232,50.0,15.0,10191.0,3.0;45,2376,47.0,27.0,45860.0,2.0;29,2040,51.0,11.0,28000.0,3.0
32,1891,50.0,14.0,8500.0,3.0;28,2760,49.0,10.0,6800.0,2.0;45,936,47.0,7.0,5000.0,3.0;26,2100,50.0,8.0,24500.0,3.0;37,1631,41.0,17.0,3300.0,3.0;26,2016,50.0,8.0,9600.0,3.0
28,3570,51.0,7.0,18000.0,2.0;28,1904,48.0,6.0,24000.0,3.0;34,1716,43.0,15.0,9000.0,3.0;47,2988,50.0,29.0,39200.0,1.0;37,1912,48.0,18.0,12000.0,3.0;28,2614,48.0,10.0,23000.0,2.0
31,1960,49.0,10.0,10000.0,2.0;38,976,24.0,18.0,4000.0,4.0;30,1812,45.0,12.0,14500.0,1.0;30,2400,50.0,11.0,40000.0,1.0;46,2350,47.0,26.0,85000.0,4.0;27,2477,52.0,9.0,23000.0,3.0
46,1193,48.0,12.0,3500.0,4.0;34,1238,48.0,9.0,5200.0,3.0;52,1320,33.0,4.0,4630.0,4.0;25,2171,49.0,4.0,11640.0,3.0;48,2116,49.0,30.0,60500.0,4.0;32,2352,49.0,14.0,36000.0,2.0
44,1982,47.0,20.0,21000.0,3.0;40,2084,46.0,20.0,22238.0,3.0;29,424,11.0,11.0,2200.0,4.0;39,2600,45.0,21.0,40804.0,2.0;33,2062,50.0,15.0,46000.0,1.0;60,3672,48.0,41.0,116000.0,1.0
32,1176,49.0,4.0,4200.0,4.0;50,1547,41.0,20.0,6000.0,2.0;53,1560,52.0,20.0,3000.0,4.0;34,2091,51.0,16.0,26000.0,1.0;32,2210,51.0,14.0,16000.0,3.0;58,2000,50.0,40.0,28000.0,1.0
28,2000,50.0,8.0,6800.0,3.0;53,425,17.0,2.0,1500.0,2.0;32,1970,48.0,14.0,8679.0,2.0;40,3332,48.0,22.0,20000.0,3.0;53,3766,49.0,27.0,38676.0,3.0;29,2240,51.0,11.0,13974.0,3.0
36,1960,49.0,18.0,8000.0,2.0;48,1864,44.0,13.0,6700.0,4.0;48,2118,49.0,15.0,9802.0,2.0;43,2028,48.0,25.0,28000.0,3.0;37,2097,47.0,19.0,43600.0,2.0;40,2250,50.0,22.0,27500.0,3.0
29,2205,49.0,11.0,8700.0,3.0;37,2040,51.0,14.0,7600.0,2.0;33,1560,39.0,15.0,5000.0,3.0;39,1404,49.0,12.0,40000.0,4.0;40,1837,49.0,22.0,29000.0,3.0;43,1332,44.0,25.0,26000.0,2.0
27,1868,47.0,6.0,18000.0,2.0;39,980,49.0,6.0,10500.0,1.0;45,1976,52.0,3.0,7000.0,1.0;43,2160,48.0,25.0,32620.0,2.0;35,2295,51.0,17.0,8000.0,3.0;25,1968,49.0,7.0,8000.0,2.0
45,1920,48.0,23.0,8900.0,3.0;32,1894,47.0,14.0,18258.0,4.0;57,612,51.0,19.0,1410.0,3.0;31,2080,52.0,13.0,29000.0,3.0;32,2080,52.0,14.0,24000.0,2.0;28,1960,49.0,10.0,29964.0,3.0
47,1036,43.0,29.0,4800.0,3.0;28,1764,49.0,10.0,9000.0,4.0;32,1125,17.0,14.0,4400.0,4.0;30,1770,35.0,12.0,22000.0,3.0;39,2156,49.0,21.0,44600.0,2.0;37,2001,48.0,19.0,23250.0,4.0
26,1920,48.0,6.0,11000.0,4.0;60,1720,43.0,32.0,9774.0,2.0;28,1992,50.0,10.0,13000.0,4.0;39,669,16.0,21.0,52147.0,3.0;41,2016,50.0,23.0,63000.0,3.0;48,2160,50.0,30.0,26000.0,2.0
40,1840,46.0,9.0,7000.0,1.0;43,1843,50.0,6.0,6900.0,1.0;41,2012,50.0,15.0,9000.0,3.0;36,2760,46.0,18.0,26000.0,3.0;45,1944,49.0,23.0,28400.0,4.0;43,2000,47.0,25.0,22230.0,1.0
32,1984,48.0,14.0,21000.0,2.0;40,2000,50.0,9.0,7000.0,2.0;32,462,39.0,14.0,6000.0,1.0;59,2339,46.0,32.0,29000.0,3.0;44,3138,48.0,26.0,60000.0,1.0;26,1870,49.0,5.0,16900.0,3.0
52,1080,36.0,28.0,27000.0,2.0;58,1064,27.0,34.0,5097.0,3.0;42,1778,47.0,21.0,12000.0,2.0;52,2005,47.0,34.0,44000.0,3.0;43,2352,49.0,25.0,17000.0,3.0;29,2000,50.0,11.0,32000.0,2.0
28,682,17.0,4.0,2000.0,3.0;30,1800,45.0,12.0,13000.0,3.0;28,1840,46.0,5.0,6700.0,2.0;61,1960,49.0,43.0,39200.0,2.0;31,2250,50.0,13.0,35280.0,3.0;50,1795,48.0,30.0,43750.0,1.0
40,1984,50.0,16.0,7000.0,2.0;26,1155,3.0,6.0,5000.0,2.0;48,2072,52.0,29.0,6000.0,3.0;29,2208,49.0,11.0,43000.0,2.0;51,1936,48.0,33.0,32000.0,2.0;49,3148,50.0,31.0,17168.0,3.0
30,2223,49.0,12.0,21000.0,2.0;26,1185,35.0,8.0,5770.0,4.0;30,1998,45.0,12.0,22000.0,2.0;40,2584,47.0,22.0,28000.0,3.0;51,3440,47.0,33.0,15000.0,3.0;43,2350,47.0,24.0,54852.0,4.0
36,288,8.0,14.0,350.0,3.0;54,1565,39.0,36.0,13000.0,2.0;40,4420,52.0,16.0,12500.0,3.0;45,2422,52.0,27.0,24000.0,3.0;42,2272,48.0,22.0,35500.0,4.0;52,1832,41.0,33.0,13250.0,3.0
54,1299,35.0,15.0,3500.0,1.0;36,2072,52.0,15.0,8500.0,3.0;31,2250,50.0,13.0,12000.0,4.0;52,2450,49.0,34.0,31700.0,1.0;26,2112,48.0,8.0,26000.0,2.0;34,2860,52.0,16.0,47000.0,2.0
54,1568,36.0,21.0,16478.0,2.0;27,1920,48.0,9.0,20000.0,2.0;29,1920,48.0,7.0,8000.0,3.0;63,2254,49.0,44.0,14000.0,3.0;60,2040,51.0,42.0,24000.0,1.0;58,1960,49.0,40.0,8000.0,3.0
28,2125,50.0,10.0,26000.0,4.0;45,722,36.0,15.0,3700.0,1.0;40,1924,48.0,8.0,11000.0,3.0;30,2100,50.0,12.0,32000.0,2.0;35,2450,49.0,17.0,51000.0,3.0;35,2092,47.0,17.0,46000.0,4.0
59,2294,48.0,25.0,10500.0,3.0;60,1832,46.0,42.0,13000.0,2.0;28,2000,50.0,7.0,9000.0,3.0;33,2400,48.0,15.0,50000.0,1.0;33,2240,49.0,14.0,36000.0,1.0;28,2290,51.0,10.0,32000.0,2.0
40,1470,42.0,2.0,5000.0,2.0;26,1560,39.0,5.0,5800.0,3.0;37,1960,49.0,15.0,22000.0,3.0;40,3000,50.0,22.0,21300.0,1.0;32,1631,47.0,10.0,29000.0,1.0;42,2120,43.0,24.0,30000.0,1.0
34,2000,50.0,15.0,7280.0,3.0;48,120,24.0,20.0,800.0,1.0;40,840,50.0,13.0,10000.0,4.0;38,2268,48.0,20.0,33000.0,3.0;33,5000,50.0,15.0,30000.0,3.0;39,1976,49.0,18.0,25365.0,1.0
48,1952,49.0,14.0,6800.0,2.0;51,2075,50.0,30.0,16000.0,3.0;34,1677,48.0,10.0,21000.0,1.0;44,2056,51.0,26.0,18250.0,2.0;34,2498,49.0,16.0,47000.0,1.0;26,1960,49.0,8.0,27000.0,3.0
26,2000,50.0,5.0,7000.0,3.0;29,1715,49.0,10.0,5340.0,3.0;25,2715,48.0,7.0,13000.0,4.0;37,2080,52.0,19.0,13100.0,3.0;35,2283,48.0,14.0,20835.0,2.0;27,1976,52.0,9.0,11000.0,4.0
27,2033,48.0,4.0,11000.0,3.0;25,1940,48.0,4.0,6500.0,1.0;25,1980,45.0,7.0,17194.0,3.0;29,5100,51.0,11.0,18000.0,3.0;46,1940,46.0,28.0,46000.0,3.0;38,2040,51.0,20.0,34500.0,3.0
36,640,16.0,10.0,4000.0,3.0;41,1890,46.0,16.0,18000.0,3.0;45,1687,45.0,27.0,10200.0,1.0;36,3310,49.0,17.0,27000.0,3.0;51,2288,52.0,33.0,14170.0,3.0;33,2490,50.0,15.0,63000.0,2.0
26,2076,51.0,8.0,9000.0,3.0;57,1820,52.0,38.0,7098.0,3.0;53,1964,47.0,35.0,30300.0,4.0;26,2206,49.0,8.0,33000.0,1.0;45,1576,39.0,26.0,10885.0,3.0;30,2094,52.0,12.0,27500.0,3.0
58,570,19.0,9.0,2000.0,1.0;42,1680,42.0,18.0,12000.0,3.0;45,2875,51.0,27.0,8421.0,3.0;38,1040,52.0,19.0,15000.0,4.0;27,2046,50.0,9.0,11000.0,3.0;32,2300,46.0,14.0,39000.0,3.0
29,705,47.0,5.0,2600.0,2.0;42,1277,39.0,15.0,6000.0,2.0;31,1960,49.0,9.0,11000.0,3.0;34,2100,50.0,16.0,16000.0,3.0;42,1982,45.0,23.0,31000.0,4.0;30,1976,49.0,11.0,19500.0,3.0
31,1793,48.0,13.0,15000.0,2.0;32,2380,48.0,14.0,25000.0,4.0;25,1880,47.0,7.0,15000.0,3.0;56,2550,51.0,38.0,27000.0,3.0;59,2450,49.0,41.0,66000.0,2.0;30,2250,50.0,12.0,31000.0,1.0
31,1960,49.0,13.0,5623.0,3.0;45,1771,51.0,21.0,5600.0,1.0;42,1575,42.0,10.0,4167.0,2.0;28,1880,47.0,10.0,5875.0,3.0;28,2480,50.0,10.0,40000.0,2.0;43,2634,49.0,25.0,21500.0,2.0
58,2170,51.0,14.0,9000.0,2.0;52,1896,47.0,28.0,14164.0,2.0;29,1175,47.0,10.0,5500.0,2.0;51,2280,52.0,33.0,5760.0,3.0;32,2730,51.0,14.0,25000.0,3.0;36,1864,47.0,15.0,27000.0,2.0
44,1960,49.0,25.0,9000.0,3.0;25,1984,50.0,4.0,18000.0,3.0;29,1505,43.0,8.0,6800.0,3.0;25,2016,50.0,7.0,20000.0,3.0;46,2475,49.0,28.0,46000.0,3.0;46,2142,47.0,21.0,27600.0,2.0
49,1480,42.0,31.0,7500.0,3.0;44,1960,49.0,6.0,6500.0,3.0;59,1960,49.0,25.0,4470.0,4.0;35,1960,48.0,17.0,15400.0,3.0;41,2104,48.0,16.0,63000.0,3.0;30,2976,50.0,12.0,21000.0,3.0
27,700,17.0,9.0,3000.0,3.0;53,1780,44.0,17.0,12000.0,2.0;27,2050,50.0,7.0,12500.0,4.0;32,2352,49.0,14.0,35500.0,3.0;44,4883,44.0,18.0,37000.0,3.0;45,2080,52.0,25.0,10200.0,3.0
31,2333,49.0,13.0,11000.0,3.0;25,328,29.0,1.0,3593.0,1.0;48,1696,48.0,16.0,6429.0,3.0;55,1896,47.0,37.0,26000.0,3.0;59,2000,50.0,41.0,20000.0,3.0;36,2372,47.0,18.0,35000.0,3.0
26,764,52.0,6.0,3800.0,2.0;25,1880,47.0,7.0,17500.0,4.0;37,2785,46.0,19.0,15800.0,1.0;26,2688,46.0,8.0,24000.0,3.0;48,2812,44.0,30.0,34000.0,2.0;32,1976,49.0,14.0,20362.0,3.0
29,1760,44.0,7.0,5000.0,3.0;35,1566,35.0,8.0,11000.0,3.0;30,1250,50.0,6.0,2500.0,3.0;59,2088,46.0,41.0,35700.0,1.0;41,2115,41.0,23.0,21400.0,1.0;47,2056,49.0,29.0,45000.0,3.0
34,1512,38.0,8.0,10938.0,3.0;39,2400,50.0,16.0,17000.0,4.0;32,828,21.0,14.0,6850.0,3.0;49,1728,38.0,31.0,14500.0,3.0;42,1896,47.0,24.0,29000.0,2.0;26,2219,51.0,8.0,24500.0,3.0
40,1500,50.0,22.0,3900.0,3.0;26,1596,38.0,8.0,10500.0,3.0;54,1860,47.0,24.0,6542.0,1.0;29,1929,48.0,11.0,29060.0,2.0;32,1629,45.0,14.0,6800.0,3.0;29,2595,51.0,11.0,28000.0,3.0
52,1960,49.0,21.0,7500.0,1.0;33,2160,48.0,14.0,7000.0,3.0;31,1999,50.0,6.0,9540.0,3.0;28,1960,49.0,10.0,20200.0,2.0;56,2054,50.0,38.0,35000.0,2.0;42,2450,49.0,24.0,38000.0,3.0
50,1230,48.0,19.0,7000.0,3.0;25,2198,48.0,7.0,14000.0,4.0;31,2016,50.0,10.0,23000.0,2.0;45,2068,47.0,27.0,28600.0,3.0;36,1912,36.0,18.0,29900.0,2.0;27,2259,50.0,9.0,13000.0,1.0
37,2103,44.0,18.0,18300.0,2.0;26,1974,47.0,5.0,9000.0,2.0;28,2544,39.0,10.0,3600.0,2.0;43,1432,36.0,25.0,36450.0,1.0;34,2810,50.0,16.0,35890.0,3.0;32,1954,48.0,13.0,15000.0,3.0
43,2455,49.0,18.0,18000.0,1.0;41,1920,48.0,23.0,6000.0,3.0;29,1656,41.0,10.0,5000.0,4.0;43,2080,52.0,25.0,26000.0,3.0;34,1841,48.0,16.0,36000.0,2.0;36,1920,48.0,16.0,28000.0,4.0
38,1990,49.0,17.0,13000.0,1.0;34,519,17.0,7.0,1400.0,3.0;39,2020,49.0,21.0,13000.0,3.0;28,4097,52.0,10.0,38000.0,1.0;41,2073,48.0,23.0,29200.0,2.0;39,2319,50.0,21.0,20572.0,3.0
28,280,7.0,6.0,1046.0,3.0;26,1884,47.0,8.0,12000.0,3.0;33,2232,50.0,15.0,10191.0,3.0;45,2376,47.0,27.0,45860.0,2.0;29,2040,51.0,11.0,28000.0,3.0;38,2880,50.0,20.0,43000.0,4.0
28,2760,49.0,10.0,6800.0,2.0;45,936,47.0,7.0,5000.0,3.0;26,2100,50.0,8.0,24500.0,3.0;37,1631,41.0,17.0,3300.0,3.0;26,2016,50.0,8.0,9600.0,3.0;54,2000,50.0,26.0,12000.0,3.0
28,1904,48.0,6.0,24000.0,3.0;34,1716,43.0,15.0,9000.0,3.0;47,2988,50.0,29.0,39200.0,1.0;37,1912,48.0,18.0,12000.0,3.0;28,2614,48.0,10.0,23000.0,2.0;41,2557,47.0,23.0,29080.0,3.0
38,976,24.0,18.0,4000.0,4.0;30,1812,45.0,12.0,14500.0,1.0;30,2400,50.0,11.0,40000.0,1.0;46,2350,47.0,26.0,85000.0,4.0;27,2477,52.0,9.0,23000.0,3.0;32,2341,49.0,11.0,30600.0,4.0
34,1238,48.0,9.0,5200.0,3.0;52,1320,33.0,4.0,4630.0,4.0;25,2171,49.0,4.0,11640.0,3.0;48,2116,49.0,30.0,60500.0,4.0;32,2352,49.0,14.0,36000.0,2.0;35,2076,51.0,17.0,30000.0,3.0
40,2084,46.0,20.0,22238.0,3.0;29,424,11.0,11.0,2200.0,4.0;39,2600,45.0,21.0,40804.0,2.0;33,2062,50.0,15.0,46000.0,1.0;60,3672,48.0,41.0,116000.0,1.0;35,1968,49.0,15.0,26000.0,3.0
50,1547,41.0,20.0,6000.0,2.0;53,1560,52.0,20.0,3000.0,4.0;34,2091,51.0,16.0,26000.0,1.0;32,2210,51.0,14.0,16000.0,3.0;58,2000,50.0,40.0,28000.0,1.0;39,1816,45.0,21.0,58000.0,3.0
53,425,17.0,2.0,1500.0,2.0;32,1970,48.0,14.0,8679.0,2.0;40,3332,48.0,22.0,20000.0,3.0;53,3766,49.0,27.0,38676.0,3.0;29,2240,51.0,11.0,13974.0,3.0;29,2600,52.0,11.0,36000.0,3.0
48,1864,44.0,13.0,6700.0,4.0;48,2118,49.0,15.0,9802.0,2.0;43,2028,48.0,25.0,28000.0,3.0;37,2097,47.0,19.0,43600.0,2.0;40,2250,50.0,22.0,27500.0,3.0;38,2320,46.0,20.0,42000.0,1.0
37,2040,51.0,14.0,7600.0,2.0;33,1560,39.0,15.0,5000.0,3.0;39,1404,49.0,12.0,40000.0,4.0;40,1837,49.0,22.0,29000.0,3.0;43,1332,44.0,25.0,26000.0,2.0;37,2276,48.0,19.0,28000.0,3.0
39,980,49.0,6.0,10500.0,1.0;45,1976,52.0,3.0,7000.0,1.0;43,2160,48.0,25.0,32620.0,2.0;35,2295,51.0,17.0,8000.0,3.0;25,1968,49.0,7.0,8000.0,2.0;35,2180,52.0,17.0,35000.0,3.0
32,1894,47.0,14.0,18258.0,4.0;57,612,51.0,19.0,1410.0,3.0;31,2080,52.0,13.0,29000.0,3.0;32,2080,52.0,14.0,24000.0,2.0;28,1960,49.0,10.0,29964.0,3.0;38,4980,50.0,19.0,110000.0,2.0
28,1764,49.0,10.0,9000.0,4.0;32,1125,17.0,14.0,4400.0,4.0;30,1770,35.0,12.0,22000.0,3.0;39,2156,49.0,21.0,44600.0,2.0;37,2001,48.0,19.0,23250.0,4.0;34,2064,52.0,16.0,13728.0,3.0
60,1720,43.0,32.0,9774.0,2.0;28,1992,50.0,10.0,13000.0,4.0;39,669,16.0,21.0,52147.0,3.0;41,2016,50.0,23.0,63000.0,3.0;48,2160,50.0,30.0,26000.0,2.0;43,2330,47.0,25.0,26000.0,2.0
43,1843,50.0,6.0,6900.0,1.0;41,2012,50.0,15.0,9000.0,3.0;36,2760,46.0,18.0,26000.0,3.0;45,1944,49.0,23.0,28400.0,4.0;43,2000,47.0,25.0,22230.0,1.0;46,1894,47.0,28.0,28000.0,2.0
40,2000,50.0,9.0,7000.0,2.0;32,462,39.0,14.0,6000.0,1.0;59,2339,46.0,32.0,29000.0,3.0;44,3138,48.0,26.0,60000.0,1.0;26,1870,49.0,5.0,16900.0,3.0;30,1840,46.0,12.0,20000.0,3.0
58,1064,27.0,34.0,5097.0,3.0;42,1778,47.0,21.0,12000.0,2.0;52,2005,47.0,34.0,44000.0,3.0;43,2352,49.0,25.0,17000.0,3.0;29,2000,50.0,11.0,32000.0,2.0;43,2250,50.0,24.0,20000.0,3.0
30,1800,45.0,12.0,13000.0,3.0;28,1840,46.0,5.0,6700.0,2.0;61,1960,49.0,43.0,39200.0,2.0;31,2250,50.0,13.0,35280.0,3.0;50,1795,48.0,30.0,43750.0,1.0;43,1904,48.0,25.0,48000.0,4.0
26,1155,3.0,6.0,5000.0,2.0;48,2072,52.0,29.0,6000.0,3.0;29,2208,49.0,11.0,43000.0,2.0;51,1936,48.0,33.0,32000.0,2.0;49,3148,50.0,31.0,17168.0,3.0;27,1980,49.0,8.0,16450.0,1.0
26,1185,35.0,8.0,5770.0,4.0;30,1998,45.0,12.0,22000.0,2.0;40,2584,47.0,22.0,28000.0,3.0;51,3440,47.0,33.0,15000.0,3.0;43,2350,47.0,24.0,54852.0,4.0;38,2172,44.0,20.0,29800.0,3.0
54,1565,39.0,36.0,13000.0,2.0;40,4420,52.0,16.0,12500.0,3.0;45,2422,52.0,27.0,24000.0,3.0;42,2272,48.0,22.0,35500.0,4.0;52,1832,41.0,33.0,13250.0,3.0;47,2658,47.0,29.0,35061.0,2.0
36,2072,52.0,15.0,8500.0,3.0;31,2250,50.0,13.0,12000.0,4.0;52,2450,49.0,34.0,31700.0,1.0;26,2112,48.0,8.0,26000.0,2.0;34,2860,52.0,16.0,47000.0,2.0;47,1920,48.0,29.0,21954.0,2.0
27,1920,48.0,9.0,20000.0,2.0;29,1920,48.0,7.0,8000.0,3.0;63,2254,49.0,44.0,14000.0,3.0;60,2040,51.0,42.0,24000.0,1.0;58,1960,49.0,40.0,8000.0,3.0;34,1964,47.0,16.0,13500.0,3.0
45,722,36.0,15.0,3700.0,1.0;40,1924,48.0,8.0,11000.0,3.0;30,2100,50.0,12.0,32000.0,2.0;35,2450,49.0,17.0,51000.0,3.0;35,2092,47.0,17.0,46000.0,4.0;27,1971,51.0,9.0,19300.0,1.0
60,1832,46.0,42.0,13000.0,2.0;28,2000,50.0,7.0,9000.0,3.0;33,2400,48.0,15.0,50000.0,1.0;33,2240,49.0,14.0,36000.0,1.0;28,2290,51.0,10.0,32000.0,2.0;37,2384,48.0,17.0,33000.0,2.0
26,1560,39.0,5.0,5800.0,3.0;37,1960,49.0,15.0,22000.0,3.0;40,3000,50.0,22.0,21300.0,1.0;32,1631,47.0,10.0,29000.0,1.0;42,2120,43.0,24.0,30000.0,1.0;25,2000,50.0,7.0,38000.0,2.0
48,120,24.0,20.0,800.0,1.0;40,840,50.0,13.0,10000.0,4.0;38,2268,48.0,20.0,33000.0,3.0;33,5000,50.0,15.0,30000.0,3.0;39,1976,49.0,18.0,25365.0,1.0;28,2234,50.0,10.0,35000.0,1.0
51,2075,50.0,30.0,16000.0,3.0;34,1677,48.0,10.0,21000.0,1.0;44,2056,51.0,26.0,18250.0,2.0;34,2498,49.0,16.0,47000.0,1.0;26,1960,49.0,8.0,27000.0,3.0;51,1448,45.0,33.0,55000.0,3.0
29,1715,49.0,10.0,5340.0,3.0;25,2715,48.0,7.0,13000.0,4.0;37,2080,52.0,19.0,13100.0,3.0;35,2283,48.0,14.0,20835.0,2.0;27,1976,52.0,9.0,11000.0,4.0;57,2040,0.0,39.0,13520.0,3.0
25,1940,48.0,4.0,6500.0,1.0;25,1980,45.0,7.0,17194.0,3.0;29,5100,51.0,11.0,18000.0,3.0;46,1940,46.0,28.0,46000.0,3.0;38,2040,51.0,20.0,34500.0,3.0;50,1960,49.0,32.0,34000.0,4.0
41,1890,46.0,16.0,18000.0,3.0;45,1687,45.0,27.0,10200.0,1.0;36,3310,49.0,17.0,27000.0,3.0;51,2288,52.0,33.0,14170.0,3.0;33,2490,50.0,15.0,63000.0,2.0;45,2500,50.0,27.0,23500.0,2.0
57,1820,52.0,38.0,7098.0,3.0;53,1964,47.0,35.0,30300.0,4.0;26,2206,49.0,8.0,33000.0,1.0;45,1576,39.0,26.0,10885.0,3.0;30,2094,52.0,12.0,27500.0,3.0;40,2750,50.0,20.0,25650.0,2.0
42,1680,42.0,18.0,12000.0,3.0;45,2875,51.0,27.0,8421.0,3.0;38,1040,52.0,19.0,15000.0,4.0;27,2046,50.0,9.0,11000.0,3.0;32,2300,46.0,14.0,39000.0,3.0;57,1997,47.0,36.0,44000.0,3.0
42,1277,39.0,15.0,6000.0,2.0;31,1960,49.0,9.0,11000.0,3.0;34,2100,50.0,16.0,16000.0,3.0;42,1982,45.0,23.0,31000.0,4.0;30,1976,49.0,11.0,19500.0,3.0;38,2156,49.0,19.0,28000.0,4.0
32,2380,48.0,14.0,25000.0,4.0;25,1880,47.0,7.0,15000.0,3.0;56,2550,51.0,38.0,27000.0,3.0;59,2450,49.0,41.0,66000.0,2.0;30,2250,50.0,12.0,31000.0,1.0;25,1922,45.0,7.0,13050.0,3.0
45,1771,51.0,21.0,5600.0,1.0;42,1575,42.0,10.0,4167.0,2.0;28,1880,47.0,10.0,5875.0,3.0;28,2480,50.0,10.0,40000.0,2.0;43,2634,49.0,25.0,21500.0,2.0;25,2000,50.0,7.0,13500.0,4.0
52,1896,47.0,28.0,14164.0,2.0;29,1175,47.0,10.0,5500.0,2.0;51,2280,52.0,33.0,5760.0,3.0;32,2730,51.0,14.0,25000.0,3.0;36,1864,47.0,15.0,27000.0,2.0;25,2550,51.0,7.0,25000.0,3.0
25,1984,50.0,4.0,18000.0,3.0;29,1505,43.0,8.0,6800.0,3.0;25,2016,50.0,7.0,20000.0,3.0;46,2475,49.0,28.0,46000.0,3.0;46,2142,47.0,21.0,27600.0,2.0;47,2509,47.0,29.0,55000.0,1.0
44,1960,49.0,6.0,6500.0,3.0;59,1960,49.0,25.0,4470.0,4.0;35,1960,48.0,17.0,15400.0,3.0;41,2104,48.0,16.0,63000.0,3.0;30,2976,50.0,12.0,21000.0,3.0;30,2500,50.0,12.0,22000.0,2.0
53,1780,44.0,17.0,12000.0,2.0;27,2050,50.0,7.0,12500.0,4.0;32,2352,49.0,14.0,35500.0,3.0;44,4883,44.0,18.0,37000.0,3.0;45,2080,52.0,25.0,10200.0,3.0;34,2080,49.0,16.0,34000.0,3.0
25,328,29.0,1.0,3593.0,1.0;48,1696,48.0,16.0,6429.0,3.0;55,1896,47.0,37.0,26000.0,3.0;59,2000,50.0,41.0,20000.0,3.0;36,2372,47.0,18.0,35000.0,3.0;36,2400,48.0,18.0,89000.0,1.0
25,1880,47.0,7.0,17500.0,4.0;37,2785,46.0,19.0,15800.0,1.0;26,2688,46.0,8.0,24000.0,3.0;48,2812,44.0,30.0,34000.0,2.0;32,1976,49.0,14.0,20362.0,3.0;30,2397,51.0,12.0,50100.0,2.0
35,1566,35.0,8.0,11000.0,3.0;30,1250,50.0,6.0,2500.0,3.0;59,2088,46.0,41.0,35700.0,1.0;41,2115,41.0,23.0,21400.0,1.0;47,2056,49.0,29.0,45000.0,3.0;44,2009,49.0,22.0,21500.0,3.0
39,2400,50.0,16.0,17000.0,4.0;32,828,21.0,14.0,6850.0,3.0;49,1728,38.0,31.0,14500.0,3.0;42,1896,47.0,24.0,29000.0,2.0;26,2219,51.0,8.0,24500.0,3.0;27,2000,50.0,7.0,7000.0,1.0
26,1596,38.0,8.0,10500.0,3.0;54,1860,47.0,24.0,6542.0,1.0;29,1929,48.0,11.0,29060.0,2.0;32,1629,45.0,14.0,6800.0,3.0;29,2595,51.0,11.0,28000.0,3.0;37,1904,48.0,19.0,32000.0,2.0
33,2160,48.0,14.0,7000.0,3.0;31,1999,50.0,6.0,9540.0,3.0;28,1960,49.0,10.0,20200.0,2.0;56,2054,50.0,38.0,35000.0,2.0;42,2450,49.0,24.0,38000.0,3.0;35,2406,51.0,14.0,18600.0,4.0
25,2198,48.0,7.0,14000.0,4.0;31,2016,50.0,10.0,23000.0,2.0;45,2068,47.0,27.0,28600.0,3.0;36,1912,36.0,18.0,29900.0,2.0;27,2259,50.0,9.0,13000.0,1.0;36,1920,48.0,18.0,40000.0,4.0
26,1974,47.0,5.0,9000.0,2.0;28,2544,39.0,10.0,3600.0,2.0;43,1432,36.0,25.0,36450.0,1.0;34,2810,50.0,16.0,35890.0,3.0;32,1954,48.0,13.0,15000.0,3.0;32,2205,49.0,14.0,54000.0,2.0
41,1920,48.0,23.0,6000.0,3.0;29,1656,41.0,10.0,5000.0,4.0;43,2080,52.0,25.0,26000.0,3.0;34,1841,48.0,16.0,36000.0,2.0;36,1920,48.0,16.0,28000.0,4.0;50,1880,47.0,32.0,27000.0,1.0
34,519,17.0,7.0,1400.0,3.0;39,2020,49.0,21.0,13000.0,3.0;28,4097,52.0,10.0,38000.0,1.0;41,2073,48.0,23.0,29200.0,2.0;39,2319,50.0,21.0,20572.0,3.0;38,1992,48.0,20.0,16000.0,3.0
26,1884,47.0,8.0,12000.0,3.0;33,2232,50.0,15.0,10191.0,3.0;45,2376,47.0,27.0,45860.0,2.0;29,2040,51.0,11.0,28000.0,3.0;38,2880,50.0,20.0,43000.0,4.0;34,3088,50.0,16.0,92700.0,3.0
45,936,47.0,7.0,5000.0,3.0;26,2100,50.0,8.0,24500.0,3.0;37,1631,41.0,17.0,3300.0,3.0;26,2016,50.0,8.0,9600.0,3.0;54,2000,50.0,26.0,12000.0,3.0;33,2280,50.0,15.0,13500.0,3.0
34,1716,43.0,15.0,9000.0,3.0;47,2988,50.0,29.0,39200.0,1.0;37,1912,48.0,18.0,12000.0,3.0;28,2614,48.0,10.0,23000.0,2.0;41,2557,47.0,23.0,29080.0,3.0;41,2217,48.0,23.0,31065.0,2.0
30,1812,45.0,12.0,14500.0,1.0;30,2400,50.0,11.0,40000.0,1.0;46,2350,47.0,26.0,85000.0,4.0;27,2477,52.0,9.0,23000.0,3.0;32,2341,49.0,11.0,30600.0,4.0;28,1403,51.0,10.0,9201.0,4.0
52,1320,33.0,4.0,4630.0,4.0;25,2171,49.0,4.0,11640.0,3.0;48,2116,49.0,30.0,60500.0,4.0;32,2352,49.0,14.0,36000.0,2.0;35,2076,51.0,17.0,30000.0,3.0;32,2040,50.0,14.0,21000.0,1.0
29,424,11.0,11.0,2200.0,4.0;39,2600,45.0,21.0,40804.0,2.0;33,2062,50.0,15.0,46000.0,1.0;60,3672,48.0,41.0,116000.0,1.0;35,1968,49.0,15.0,26000.0,3.0;35,3476,49.0,17.0,18000.0,3.0
53,1560,52.0,20.0,3000.0,4.0;34,2091,51.0,16.0,26000.0,1.0;32,2210,51.0,14.0,16000.0,3.0;58,2000,50.0,40.0,28000.0,1.0;39,1816,45.0,21.0,58000.0,3.0;34,1101,34.0,16.0,7000.0,3.0
32,1970,48.0,14.0,8679.0,2.0;40,3332,48.0,22.0,20000.0,3.0;53,3766,49.0,27.0,38676.0,3.0;29,2240,51.0,11.0,13974.0,3.0;29,2600,52.0,11.0,36000.0,3.0;51,2660,47.0,33.0,38000.0,4.0
48,2118,49.0,15.0,9802.0,2.0;43,2028,48.0,25.0,28000.0,3.0;37,2097,47.0,19.0,43600.0,2.0;40,2250,50.0,22.0,27500.0,3.0;38,2320,46.0,20.0,42000.0,1.0;45,2330,47.0,27.0,47000.0,2.0
33,1560,39.0,15.0,5000.0,3.0;39,1404,49.0,12.0,40000.0,4.0;40,1837,49.0,22.0,29000.0,3.0;43,1332,44.0,25.0,26000.0,2.0;37,2276,48.0,19.0,28000.0,3.0;32,2535,39.0,14.0,17000.0,4.0
45,1976,52.0,3.0,7000.0,1.0;43,2160,48.0,25.0,32620.0,2.0;35,2295,51.0,17.0,8000.0,3.0;25,1968,49.0,7.0,8000.0,2.0;35,2180,52.0,17.0,35000.0,3.0;39,2600,52.0,21.0,30000.0,3.0
57,612,51.0,19.0,1410.0,3.0;31,2080,52.0,13.0,29000.0,3.0;32,2080,52.0,14.0,24000.0,2.0;28,1960,49.0,10.0,29964.0,3.0;38,4980,50.0,19.0,110000.0,2.0;28,327,15.0,4.0,500.0,2.0
32,1125,17.0,14.0,4400.0,4.0;30,1770,35.0,12.0,22000.0,3.0;39,2156,49.0,21.0,44600.0,2.0;37,2001,48.0,19.0,23250.0,4.0;34,2064,52.0,16.0,13728.0,3.0;35,2053,51.0,15.0,10800.0,3.0
28,1992,50.0,10.0,13000.0,4.0;39,669,16.0,21.0,52147.0,3.0;41,2016,50.0,23.0,63000.0,3.0;48,2160,50.0,30.0,26000.0,2.0;43,2330,47.0,25.0,26000.0,2.0;45,2075,49.0,26.0,29000.0,2.0
41,2012,50.0,15.0,9000.0,3.0;36,2760,46.0,18.0,26000.0,3.0;45,1944,49.0,23.0,28400.0,4.0;43,2000,47.0,25.0,22230.0,1.0;46,1894,47.0,28.0,28000.0,2.0;45,2450,49.0,27.0,36000.0,4.0
32,462,39.0,14.0,6000.0,1.0;59,2339,46.0,32.0,29000.0,3.0;44,3138,48.0,26.0,60000.0,1.0;26,1870,49.0,5.0,16900.0,3.0;30,1840,46.0,12.0,20000.0,3.0;61,1560,52.0,5.0,34800.0,4.0
42,1778,47.0,21.0,12000.0,2.0;52,2005,47.0,34.0,44000.0,3.0;43,2352,49.0,25.0,17000.0,3.0;29,2000,50.0,11.0,32000.0,2.0;43,2250,50.0,24.0,20000.0,3.0;45,1880,47.0,25.0,22000.0,4.0
28,1840,46.0,5.0,6700.0,2.0;61,1960,49.0,43.0,39200.0,2.0;31,2250,50.0,13.0,35280.0,3.0;50,1795,48.0,30.0,43750.0,1.0;43,1904,48.0,25.0,48000.0,4.0;34,2304,48.0,16.0,19500.0,1.0
48,2072,52.0,29.0,6000.0,3.0;29,2208,49.0,11.0,43000.0,2.0;51,1936,48.0,33.0,32000.0,2.0;49,3148,50.0,31.0,17168.0,3.0;27,1980,49.0,8.0,16450.0,1.0;48,2160,50.0,30.0,26775.0,4.0
30,1998,45.0,12.0,22000.0,2.0;40,2584,47.0,22.0,28000.0,3.0;51,3440,47.0,33.0,15000.0,3.0;43,2350,47.0,24.0,54852.0,4.0;38,2172,44.0,20.0,29800.0,3.0;43,2500,50.0,22.0,50000.0,2.0
40,4420,52.0,16.0,12500.0,3.0;45,2422,52.0,27.0,24000.0,3.0;42,2272,48.0,22.0,35500.0,4.0;52,1832,41.0,33.0,13250.0,3.0;47,2658,47.0,29.0,35061.0,2.0;62,2256,48.0,44.0,14000.0,3.0
31,2250,50.0,13.0,12000.0,4.0;52,2450,49.0,34.0,31700.0,1.0;26,2112,48.0,8.0,26000.0,2.0;34,2860,52.0,16.0,47000.0,2.0;47,1920,48.0,29.0,21954.0,2.0;41,1952,49.0,23.0,12000.0,4.0
29,1920,48.0,7.0,8000.0,3.0;63,2254,49.0,44.0,14000.0,3.0;60,2040,51.0,42.0,24000.0,1.0;58,1960,49.0,40.0,8000.0,3.0;34,1964,47.0,16.0,13500.0,3.0;60,3037,48.0,42.0,23000.0,2.0
40,1924,48.0,8.0,11000.0,3.0;30,2100,50.0,12.0,32000.0,2.0;35,2450,49.0,17.0,51000.0,3.0;35,2092,47.0,17.0,46000.0,4.0;27,1971,51.0,9.0,19300.0,1.0;48,2750,50.0,30.0,58000.0,2.0
28,2000,50.0,7.0,9000.0,3.0;33,2400,48.0,15.0,50000.0,1.0;33,2240,49.0,14.0,36000.0,1.0;28,2290,51.0,10.0,32000.0,2.0;37,2384,48.0,17.0,33000.0,2.0;33,1926,47.0,15.0,40000.0,2.0
37,1960,49.0,15.0,22000.0,3.0;40,3000,50.0,22.0,21300.0,1.0;32,1631,47.0,10.0,29000.0,1.0;42,2120,43.0,24.0,30000.0,1.0;25,2000,50.0,7.0,38000.0,2.0;41,1856,46.0,23.0,27937.0,3.0
40,840,50.0,13.0,10000.0,4.0;38,2268,48.0,20.0,33000.0,3.0;33,5000,50.0,15.0,30000.0,3.0;39,1976,49.0,18.0,25365.0,1.0;28,2234,50.0,10.0,35000.0,1.0;28,2147,49.0,10.0,39000.0,4.0
34,1677,48.0,10.0,21000.0,1.0;44,2056,51.0,26.0,18250.0,2.0;34,2498,49.0,16.0,47000.0,1.0;26,1960,49.0,8.0,27000.0,3.0;51,1448,45.0,33.0,55000.0,3.0;53,1920,38.0,35.0,52000.0,1.0
25,2715,48.0,7.0,13000.0,4.0;37,2080,52.0,19.0,13100.0,3.0;35,2283,48.0,14.0,20835.0,2.0;27,1976,52.0,9.0,11000.0,4.0;57,2040,0.0,39.0,13520.0,3.0;60,2496,52.0,42.0,15928.0,2.0
25,1980,45.0,7.0,17194.0,3.0;29,5100,51.0,11.0,18000.0,3.0;46,1940,46.0,28.0,46000.0,3.0;38,2040,51.0,20.0,34500.0,3.0;50,1960,49.0,32.0,34000.0,4.0;42,2150,50.0,24.0,23616.0,3.0
45,1687,45.0,27.0,10200.0,1.0;36,3310,49.0,17.0,27000.0,3.0;51,2288,52.0,33.0,14170.0,3.0;33,2490,50.0,15.0,63000.0,2.0;45,2500,50.0,27.0,23500.0,2.0;42,1896,47.0,24.0,33800.0,3.0
53,1964,47.0,35.0,30300.0,4.0;26,2206,49.0,8.0,33000.0,1.0;45,1576,39.0,26.0,10885.0,3.0;30,2094,52.0,12.0,27500.0,3.0;40,2750,50.0,20.0,25650.0,2.0;36,2016,49.0,15.0,45000.0,2.0
45,2875,51.0,27.0,8421.0,3.0;38,1040,52.0,19.0,15000.0,4.0;27,2046,50.0,9.0,11000.0,3.0;32,2300,46.0,14.0,39000.0,3.0;57,1997,47.0,36.0,44000.0,3.0;33,3053,51.0,15.0,25700.0,2.0
31,1960,49.0,9.0,11000.0,3.0;34,2100,50.0,16.0,16000.0,3.0;42,1982,45.0,23.0,31000.0,4.0;30,1976,49.0,11.0,19500.0,3.0;38,2156,49.0,19.0,28000.0,4.0;43,2702,48.0,25.0,30200.0,3.0
25,1880,47.0,7.0,15000.0,3.0;56,2550,51.0,38.0,27000.0,3.0;59,2450,49.0,41.0,66000.0,2.0;30,2250,50.0,12.0,31000.0,1.0;25,1922,45.0,7.0,13050.0,3.0;35,2600,52.0,17.0,4000.0,2.0
42,1575,42.0,10.0,4167.0,2.0;28,1880,47.0,10.0,5875.0,3.0;28,2480,50.0,10.0,40000.0,2.0;43,2634,49.0,25.0,21500.0,2.0;25,2000,50.0,7.0,13500.0,4.0;30,2261,50.0,12.0,14263.0,2.0
29,1175,47.0,10.0,5500.0,2.0;51,2280,52.0,33.0,5760.0,3.0;32,2730,51.0,14.0,25000.0,3.0;36,1864,47.0,15.0,27000.0,2.0;25,2550,51.0,7.0,25000.0,3.0;26,1991,47.0,8.0,18800.0,3.0
29,1505,43.0,8.0,6800.0,3.0;25,2016,50.0,7.0,20000.0,3.0;46,2475,49.0,28.0,46000.0,3.0;46,2142,47.0,21.0,27600.0,2.0;47,2509,47.0,29.0,55000.0,1.0;35,2070,51.0,17.0,34000.0,3.0
59,1960,49.0,25.0,4470.0,4.0;35,1960,48.0,17.0,15400.0,3.0;41,2104,48.0,16.0,63000.0,3.0;30,2976,50.0,12.0,21000.0,3.0;30,2500,50.0,12.0,22000.0,2.0;42,3500,50.0,24.0,30000.0,3.0
27,2050,50.0,7.0,12500.0,4.0;32,2352,49.0,14.0,35500.0,3.0;44,4883,44.0,18.0,37000.0,3.0;45,2080,52.0,25.0,10200.0,3.0;34,2080,49.0,16.0,34000.0,3.0;54,1928,48.0,32.0,43019.0,4.0
48,1696,48.0,16.0,6429.0,3.0;55,1896,47.0,37.0,26000.0,3.0;59,2000,50.0,41.0,20000.0,3.0;36,2372,47.0,18.0,35000.0,3.0;36,2400,48.0,18.0,89000.0,1.0;34,2008,49.0,16.0,25000.0,2.0
37,2785,46.0,19.0,15800.0,1.0;26,2688,46.0,8.0,24000.0,3.0;48,2812,44.0,30.0,34000.0,2.0;32,1976,49.0,14.0,20362.0,3.0;30,2397,51.0,12.0,50100.0,2.0;37,4000,50.0,18.0,26500.0,1.0
30,1250,50.0,6.0,2500.0,3.0;59,2088,46.0,41.0,35700.0,1.0;41,2115,41.0,23.0,21400.0,1.0;47,2056,49.0,29.0,45000.0,3.0;44,2009,49.0,22.0,21500.0,3.0;27,2002,49.0,8.0,31000.0,4.0
32,828,21.0,14.0,6850.0,3.0;49,1728,38.0,31.0,14500.0,3.0;42,1896,47.0,24.0,29000.0,2.0;26,2219,51.0,8.0,24500.0,3.0;27,2000,50.0,7.0,7000.0,1.0;47,1645,47.0,29.0,40469.0,2.0
54,1860,47.0,24.0,6542.0,1.0;29,1929,48.0,11.0,29060.0,2.0;32,1629,45.0,14.0,6800.0,3.0;29,2595,51.0,11.0,28000.0,3.0;37,1904,48.0,19.0,32000.0,2.0;39,2876,45.0,21.0,82000.0,1.0
31,1999,50.0,6.0,9540.0,3.0;28,1960,49.0,10.0,20200.0,2.0;56,2054,50.0,38.0,35000.0,2.0;42,2450,49.0,24.0,38000.0,3.0;35,2406,51.0,14.0,18600.0,4.0;52,2211,49.0,34.0,23000.0,1.0
31,2016,50.0,10.0,23000.0,2.0;45,2068,47.0,27.0,28600.0,3.0;36,1912,36.0,18.0,29900.0,2.0;27,2259,50.0,9.0,13000.0,1.0;36,1920,48.0,18.0,40000.0,4.0;30,2796,47.0,12.0,58013.0,2.0
28,2544,39.0,10.0,3600.0,2.0;43,1432,36.0,25.0,36450.0,1.0;34,2810,50.0,16.0,35890.0,3.0;32,1954,48.0,13.0,15000.0,3.0;32,2205,49.0,14.0,54000.0,2.0;32,2285,48.0,12.0,14000.0,3.0
29,1656,41.0,10.0,5000.0,4.0;43,2080,52.0,25.0,26000.0,3.0;34,1841,48.0,16.0,36000.0,2.0;36,1920,48.0,16.0,28000.0,4.0;50,1880,47.0,32.0,27000.0,1.0;56,1040,13.0,38.0,2600.0,3.0
39,2020,49.0,21.0,13000.0,3.0;28,4097,52.0,10.0,38000.0,1.0;41,2073,48.0,23.0,29200.0,2.0;39,2319,50.0,21.0,20572.0,3.0;38,1992,48.0,20.0,16000.0,3.0;32,2080,50.0,14.0,11000.0,3.0
33,2232,50.0,15.0,10191.0,3.0;45,2376,47.0,27.0,45860.0,2.0;29,2040,51.0,11.0,28000.0,3.0;38,2880,50.0,20.0,43000.0,4.0;34,3088,50.0,16.0,92700.0,3.0;37,1529,36.0,19.0,20553.0,2.0
